      0.39   0.015180931    0.072282199
     0.391   0.015286566    0.072667457
     0.392   0.015566508    0.073053735
     0.393   0.015633207    0.073407251
     0.394   0.015763354    0.073810727
     0.395   0.016159944    0.074340298
     0.396   0.016333505    0.074736851
     0.397   0.016487367    0.075124089
     0.398   0.016650229    0.075521304
     0.399   0.016748055    0.075849323
       0.4   0.016858853    0.076138389
     0.401   0.017005634    0.076420468
     0.402    0.01731231    0.076822771
     0.403   0.017526949    0.077163016
     0.404   0.017700204     0.07747428
     0.405   0.017864868    0.077789676
     0.406   0.018068915    0.078089759
     0.407   0.018260236    0.078467384
     0.408   0.018429526    0.078945877
     0.409   0.018638319    0.079246914
      0.41   0.018819322    0.079601806
     0.411   0.018979155    0.079997753
     0.412   0.019141827    0.080408889
     0.413   0.019283925    0.080781978
     0.414   0.019416883    0.081141969
     0.415   0.019551563    0.081518335
     0.416   0.019715192    0.081920153
     0.417   0.019877682    0.082321676
     0.418   0.020033156    0.082720978
     0.419   0.020181472     0.08317687
      0.42    0.02028011      0.0836173
     0.421   0.020343194     0.08405062
     0.422   0.020447712      0.0845289
     0.423   0.020558048    0.084997613
     0.424   0.020671996    0.085453916
     0.425   0.020789296    0.085888789
     0.426   0.020872633    0.086422932
     0.427    0.02092633    0.086952129
     0.428   0.020944492    0.087434892
     0.429   0.021014695    0.088077693
      0.43    0.02105311    0.088686953
     0.431   0.021063012    0.089269002
     0.432   0.021085481    0.089952805
     0.433   0.021125261    0.090582033
     0.434   0.021168865    0.091176772
     0.435   0.021197677    0.091761602
     0.436   0.021171662    0.092380557
     0.437   0.021167243    0.093001652
     0.438   0.021219167     0.09362773
     0.439    0.02129411    0.094249159
      0.44    0.02134477    0.094915596
     0.441   0.021373262    0.095619018
     0.442   0.021420631    0.096247313
     0.443   0.021449309    0.096892338
     0.444   0.021482025     0.09753585
     0.445   0.021568352    0.098152804
     0.446    0.02163929    0.098809003
     0.447   0.021704672    0.099440872
     0.448    0.02176872    0.100019096
     0.449   0.021826877    0.100657817
      0.45   0.021892082    0.101256639
     0.451   0.021964685    0.101810491
     0.452   0.022030374     0.10239489
     0.453   0.022065924    0.102973239
     0.454   0.022092866    0.103536227
     0.455   0.022161691    0.104044661
     0.456    0.02220156    0.104574271
     0.457    0.02222348    0.105107724
     0.458   0.022227296    0.105629629
     0.459   0.022229384    0.106110372
      0.46   0.022239342     0.10658846
     0.461   0.022258432    0.107069871
     0.462   0.022277711     0.10753177
     0.463   0.022286571    0.107952059
     0.464   0.022283635     0.10835321
     0.465   0.022255781    0.108789759
     0.466   0.022224891     0.10920459
     0.467   0.022210715    0.109612483
     0.468   0.022236598    0.110019251
     0.469   0.022219048    0.110461671
      0.47   0.022195376    0.110870805
     0.471   0.022171759    0.111233704
     0.472   0.022157414    0.111669128
     0.473   0.022161199    0.112076842
     0.474   0.022176764    0.112469158
     0.475   0.022188919    0.112884708
     0.476    0.02220915    0.113308955
     0.477   0.022231568    0.113736835
     0.478   0.022252037    0.114170106
     0.479    0.02223359    0.114571548
      0.48   0.022236687    0.114982716
     0.481   0.022276442     0.11541615
     0.482   0.022291121    0.115867878
     0.483   0.022305477    0.116345223
     0.484   0.022322727    0.116840801
     0.485   0.022359159     0.11731935
     0.486   0.022341821    0.117834347
     0.487   0.022322024    0.118366388
     0.488    0.02235824    0.118900975
     0.489   0.022427694    0.119478596
      0.49   0.022474889    0.120050709
     0.491    0.02248198    0.120598613
     0.492   0.022563308    0.121168558
     0.493   0.022666794    0.121743052
     0.494   0.022789028    0.122323203
     0.495   0.022925962    0.122902289
     0.496   0.023060513    0.123500067
     0.497   0.023212548    0.124098483
     0.498   0.023420908    0.124679289
     0.499    0.02362715    0.125307695
       0.5   0.023853674    0.125944641
     0.501   0.024112154    0.126578298
     0.502   0.024435774    0.127213447
     0.503   0.024798822     0.12783753
     0.504   0.025200041    0.128455518
     0.505   0.025667357    0.129123978
     0.506   0.026198528    0.129755468
     0.507    0.02676698    0.130375404
     0.508   0.027366591     0.13102695
     0.509   0.028061642    0.131648619
      0.51   0.028809972     0.13228809
     0.511   0.029613338    0.132973971
     0.512   0.030557012    0.133580403
     0.513   0.031557485    0.134208083
     0.514   0.032623736    0.134863205
     0.515   0.033857432    0.135507292
     0.516   0.035182655    0.136196375
     0.517   0.036582077    0.136905651
     0.518   0.038073111    0.137602739
     0.519   0.039631138    0.138305482
      0.52   0.041235068    0.139008529
     0.521   0.042890413     0.13971047
     0.522   0.044567081    0.140426874
     0.523   0.046259536     0.14114771
     0.524   0.047980981    0.141878369
     0.525   0.049721017    0.142623478
     0.526   0.051399063    0.143389455
     0.527   0.053021761    0.144175274
     0.528   0.054590621    0.145003364
     0.529   0.056038666    0.145829864
      0.53   0.057410615    0.146648993
     0.531   0.058703626    0.147455102
     0.532   0.059911555    0.148326732
     0.533   0.061023963    0.149206784
     0.534   0.062040549    0.150096107
     0.535   0.062859809    0.151019277
     0.536   0.063652684    0.151955648
     0.537   0.064406497    0.152903072
     0.538   0.065063204    0.153867334
     0.539   0.065626934    0.154884089
      0.54   0.066133242    0.155916947
     0.541   0.066581225    0.156942865
     0.542   0.066985897    0.158023373
     0.543   0.067362916    0.159123485
     0.544   0.067713648    0.160236498
     0.545   0.068104605    0.161386718
     0.546    0.06848604    0.162549214
     0.547   0.068851626    0.163723721
     0.548   0.069166828    0.164912833
     0.549   0.069443919    0.166145378
      0.55    0.06967587    0.167398553
     0.551   0.069835567    0.168662701
     0.552   0.069906678    0.169930936
     0.553   0.069920493    0.171220079
     0.554   0.069877355    0.172540833
     0.555   0.069668573    0.173871782
     0.556   0.069378236    0.175217668
     0.557   0.068998967    0.176578771
     0.558   0.068457369    0.177950276
     0.559   0.067823176    0.179354494
      0.56   0.067143828    0.180777748
     0.561   0.066450364    0.182207305
     0.562   0.065667918    0.183604079
     0.563   0.064834736    0.185006627
     0.564   0.063948904    0.186429308
     0.565   0.063016952    0.187826144
     0.566   0.062014256    0.189226851
     0.567   0.060946377    0.190638011
     0.568   0.059849705    0.192066181
     0.569   0.058684813    0.193478434
      0.57   0.057492296    0.194873984
     0.571   0.056315214    0.196236045
     0.572   0.055178317    0.197613781
     0.573   0.054092076    0.198970685
     0.574   0.053071944    0.200288616
     0.575   0.052101963    0.201603446
     0.576   0.051160618    0.202915139
     0.577   0.050249089    0.204224399
     0.578   0.049408449    0.205509192
     0.579   0.048632854    0.206775221
      0.58   0.047906801    0.208017202
     0.581   0.047234435    0.209214377
     0.582   0.046639355    0.210395676
     0.583    0.04607467     0.21157048
     0.584   0.045527979    0.212745451
     0.585   0.045076369    0.213777227
     0.586   0.044630722     0.21482184
     0.587   0.044187172    0.215888626
     0.588   0.043777025     0.21692909
     0.589   0.043372753     0.21796459
      0.59   0.042979313    0.218992589
     0.591   0.042618114    0.219989475
     0.592   0.042354847    0.220984041
     0.593    0.04212968    0.221945918
     0.594   0.041924125    0.222856453
     0.595   0.041763772    0.223686972
     0.596   0.041589705    0.224520938
     0.597   0.041397827     0.22536653
     0.598   0.041222592    0.226196765
     0.599   0.041041713    0.227025126
       0.6   0.040847509    0.227834442
     0.601   0.040616953    0.228551845
     0.602   0.040391999    0.229279409
     0.603   0.040132909    0.229998891
     0.604   0.039804418    0.230689525
     0.605   0.039480518    0.231333953
     0.606   0.039127567    0.231986043
     0.607    0.03873985    0.232651002
     0.608   0.038325132    0.233276189
     0.609   0.037921031    0.233859543
      0.61   0.037499398    0.234412266
     0.611    0.03696998    0.234942829
     0.612   0.036522284    0.235521993
     0.613   0.036107171    0.236093039
     0.614   0.035706706    0.236604274
     0.615   0.035244024    0.237160103
     0.616   0.034831115    0.237709121
     0.617   0.034488157     0.23824029
     0.618   0.034127463    0.238751414
     0.619   0.033814472    0.239251619
      0.62   0.033547449    0.239749137
     0.621   0.033346255    0.240274699
     0.622   0.033147566    0.240800256
     0.623   0.032968023    0.241322578
     0.624    0.03283264    0.241833845
     0.625   0.032723991    0.242364656
     0.626   0.032613999    0.242913633
     0.627   0.032497919    0.243479838
     0.628   0.032423768    0.243998569
     0.629   0.032375447    0.244523523
      0.63   0.032340285    0.245053368
     0.631   0.032266327    0.245593882
     0.632   0.032153778    0.246095303
     0.633   0.032021013     0.24659027
     0.634   0.031875483    0.247112774
     0.635   0.031677627    0.247634867
     0.636   0.031449781    0.248123885
     0.637   0.031193281    0.248570289
     0.638   0.030905747    0.249044174
     0.639   0.030554246    0.249514303
      0.64   0.030152333    0.249979394
     0.641   0.029737696    0.250431391
     0.642   0.029332759    0.250888102
     0.643   0.028935117    0.251338626
     0.644   0.028540668    0.251771825
     0.645   0.028140076    0.252221146
     0.646     0.0277486    0.252674648
     0.647   0.027371691    0.253130597
     0.648   0.027005246    0.253566837
     0.649   0.026675301    0.254022017
      0.65   0.026382694    0.254492385
     0.651   0.026136126    0.254964694
     0.652    0.02594028    0.255390992
     0.653    0.02576397    0.255815142
     0.654   0.025572765    0.256299733
     0.655    0.02531864     0.25674772
     0.656   0.025014584    0.257230876
     0.657   0.024661764     0.25777285
     0.658    0.02432042    0.258276444
     0.659   0.023977621    0.258765216
      0.66   0.023636731    0.259242799
     0.661   0.023341877    0.259711375
     0.662   0.023048012     0.26019381
     0.663   0.022758212    0.260682381
     0.664   0.022483053     0.26116303
     0.665   0.022281301      0.2616392
     0.666   0.022114951    0.262108069
     0.667   0.021976607    0.262566665
     0.668   0.021848048    0.263051234
     0.669   0.021782468    0.263544847
      0.67   0.021777628    0.264044057
     0.671   0.021753792    0.264520957
     0.672   0.021788597    0.265000524
     0.673   0.021855087    0.265474695
     0.674   0.021916978    0.265924737
     0.675    0.02205727    0.266420888
     0.676   0.022221761    0.266919241
     0.677   0.022388355    0.267396508
     0.678   0.022587072    0.267870742
     0.679   0.022812103    0.268354207
      0.68   0.023067837    0.268847453
     0.681   0.023428047    0.269321031
     0.682   0.023840277    0.269774808
     0.683   0.024318313    0.270222287
     0.684   0.024934484    0.270684559
     0.685   0.025707913    0.271110246
     0.686    0.02662717    0.271547772
     0.687   0.027708993    0.272019179
     0.688   0.028949812    0.272524536
     0.689   0.030354228    0.273029924
      0.69   0.031916459    0.273522909
     0.691   0.034041487    0.274032201
     0.692   0.036538186    0.274509983
     0.693   0.039385431    0.274982817
     0.694   0.042720498     0.27552108
     0.695   0.046450201    0.276004313
     0.696   0.050476014    0.276465533
     0.697   0.054917125    0.276930114
     0.698   0.059842232    0.277415293
     0.699   0.065092673    0.277891582
       0.7   0.070665282    0.278352166
     0.701   0.076628197    0.278852782
     0.702   0.082741037    0.279350313
     0.703   0.088962878     0.27984286
     0.704   0.095426494    0.280339081
     0.705   0.102037062    0.280825017
     0.706   0.108818696    0.281297055
     0.707   0.115912936    0.281744698
     0.708   0.123272187    0.282223902
     0.709   0.130816402    0.282711521
      0.71   0.138563202    0.283203859
     0.711   0.146726223    0.283664923
     0.712   0.155054864    0.284122513
     0.713   0.163588044    0.284577531
     0.714   0.172352444    0.285014807
     0.715   0.181428366    0.285425463
     0.716   0.191158897    0.285834616
     0.717   0.201623926    0.286239055
     0.718   0.212770938    0.286731083
     0.719   0.224024379    0.287245403
      0.72    0.23466603     0.28773859
     0.721   0.244999249     0.28821684
     0.722   0.255408938    0.288667753
     0.723   0.266328676    0.289112739
     0.724   0.277773356    0.289557522
     0.725   0.289185357    0.290034104
     0.726   0.300439287    0.290509543
     0.727   0.311457561    0.290943421
     0.728   0.322381092    0.291404242
     0.729   0.333192056    0.291879112
      0.73   0.343739162    0.292361798
     0.731   0.353867533    0.292869897
     0.732   0.363512878    0.293356336
     0.733    0.37273161    0.293823364
     0.734   0.381679172    0.294294279
     0.735   0.390408859    0.294748161
     0.736   0.398936591     0.29519901
     0.737   0.407018886    0.295661092
     0.738   0.414593549    0.296085669
     0.739   0.421857198    0.296520365
      0.74   0.428775149    0.296988686
     0.741   0.435080556    0.297439373
     0.742   0.441011869     0.29789259
     0.743    0.44657639    0.298349089
     0.744   0.451652297    0.298803873
     0.745   0.456365782    0.299226581
     0.746   0.460771705    0.299639314
     0.747   0.464768722    0.300080383
     0.748   0.468413869    0.300494111
     0.749   0.471807626    0.300917289
      0.75   0.474894033    0.301369992
     0.751   0.477627516    0.301796902
     0.752   0.480143088    0.302210789
     0.753   0.482443314    0.302613171
     0.754   0.484459684    0.303018784
     0.755   0.486316708    0.303432376
     0.756   0.488043772    0.303840143
     0.757   0.489634385    0.304199665
     0.758   0.491317393     0.30436077
     0.759    0.49359339    0.304483198
      0.76   0.496776091    0.304659434
     0.761   0.498198835    0.305162575
     0.762   0.498631828    0.305685111
     0.763    0.49835037    0.306154333
     0.764   0.498314201    0.306621056
     0.765   0.498316279     0.30716913
     0.766   0.498364884    0.307706717
     0.767   0.498534995    0.308147282
     0.768   0.498763257     0.30854842
     0.769   0.499033236    0.308935695
      0.77    0.49935878    0.309325504
     0.771    0.49965857    0.309730416
     0.772   0.499949349    0.310130669
     0.773   0.500234086     0.31052287
     0.774   0.500536889    0.310855297
     0.775   0.500826193    0.311213021
     0.776   0.501094713     0.31158814
     0.777   0.501302376     0.31195893
     0.778   0.501554717    0.312292663
     0.779   0.501807497    0.312647288
      0.78   0.502016327    0.313087243
     0.781   0.502273039    0.313414531
     0.782   0.502528622    0.313737947
     0.783   0.502772986    0.314081941
     0.784   0.502991282    0.314425344
     0.785   0.503226511    0.314771927
     0.786   0.503471128    0.315120714
     0.787   0.503679943     0.31545763
     0.788   0.503899834    0.315801303
     0.789   0.504134808    0.316144708
      0.79   0.504393708    0.316472657
     0.791   0.504606853    0.316815145
     0.792   0.504830917    0.317158169
     0.793   0.505082743    0.317495645
     0.794   0.505328063    0.317812524
     0.795    0.50555349    0.318129237
     0.796   0.505765369     0.31844831
     0.797   0.506005928    0.318782552
     0.798   0.506217003    0.319133361
     0.799   0.506423576    0.319480302
       0.8   0.506653511    0.319780874
     0.801   0.506901151    0.320103722
     0.802   0.507137192    0.320439543
     0.803   0.507348242    0.320787539
     0.804   0.507597515     0.32113939
     0.805   0.507832291    0.321458125
     0.806   0.508049077    0.321744143
     0.807   0.508245971    0.322025697
     0.808   0.508422697    0.322336867
     0.809   0.508608927     0.32265702
      0.81   0.508858501     0.32294173
     0.811   0.509074905    0.323266509
     0.812   0.509276508    0.323554102
     0.813   0.509467957    0.323754044
     0.814   0.509704586    0.324038669
     0.815   0.509953872    0.324338407
     0.816   0.510206012    0.324639039
     0.817   0.510443726    0.324921513
     0.818   0.510623034    0.325264622
     0.819   0.510794331    0.325630476
      0.82   0.511061476    0.325972014
     0.821   0.511197646    0.326261405
     0.822   0.511338764    0.326519886
     0.823   0.511549935    0.326717742
     0.824   0.511793802    0.327129866
     0.825   0.511931475     0.32747486
     0.826    0.51198008    0.327768079
     0.827   0.512065195     0.32805378
     0.828   0.512176961    0.328318328
     0.829   0.512290233     0.32859515
      0.83   0.512338105    0.328988124
     0.831   0.512412033    0.329232877
     0.832   0.512506363    0.329470162
     0.833   0.512624565    0.329783932
     0.834   0.512776352    0.330122815
     0.835     0.5129326     0.33045321
     0.836    0.51309139    0.330773134
     0.837   0.513244141    0.331045195
     0.838    0.51341984    0.331357521
     0.839   0.513606816    0.331681357
      0.84    0.51377262    0.331926033
     0.841   0.514009622    0.332239658
     0.842   0.514241812      0.3325549
     0.843   0.514403866    0.332815929
     0.844   0.514649488    0.333120639
     0.845   0.514850421    0.333427493
     0.846    0.51498302    0.333729128
     0.847   0.515201455    0.334038759
     0.848   0.515370925    0.334320301
     0.849   0.515512661    0.334592188
      0.85    0.51567827    0.334890332
     0.851    0.51591003    0.335159642
     0.852   0.516117077    0.335416329
     0.853   0.516217147    0.335699845
     0.854   0.516357856    0.335981804
     0.855       0.51655    0.336302866
     0.856   0.516772751     0.33662974
     0.857   0.517028869    0.336963331
     0.858   0.517211744    0.337242383
     0.859   0.517350951    0.337496854
      0.86   0.517524987    0.337802875
     0.861   0.517661228    0.338126902
     0.862   0.517791862    0.338426352
     0.863   0.517951459    0.338635844
     0.864   0.518163748    0.338953682
     0.865   0.518304732    0.339288226
     0.866   0.518319958    0.339628578
     0.867   0.518499415    0.339972847
     0.868   0.518696666    0.340264468
     0.869   0.518886215    0.340510814
      0.87   0.518991416    0.340808875
     0.871   0.519121839    0.341105454
     0.872    0.51927372    0.341398889
     0.873   0.519453969    0.341679445
     0.874   0.519539447    0.342013182
     0.875   0.519623733    0.342348208
     0.876   0.519739196    0.342661067
     0.877   0.519886582    0.342953346
     0.878   0.519992063    0.343264854
     0.879   0.520062394    0.343598628
      0.88     0.5201665    0.343958801
     0.881   0.520239558    0.344236265
     0.882   0.520297824     0.34449857
     0.883   0.520358612    0.344849488
     0.884   0.520472471    0.345200433
     0.885   0.520583525    0.345526929
     0.886   0.520666776    0.345810691
     0.887   0.520750292     0.34604915
     0.888   0.520848919    0.346389624
     0.889   0.520956113    0.346821269
      0.89    0.52100629    0.347175873
     0.891    0.52107703    0.347504343
     0.892   0.521147723    0.347791581
     0.893   0.521173626    0.347968483
     0.894   0.521254105    0.348371756
     0.895   0.521334309    0.348732675
     0.896   0.521379019    0.348858211
     0.897   0.521365486    0.349192698
     0.898   0.521413534    0.349486732
     0.899   0.521536926    0.349714248
       0.9   0.521601964    0.350125383
     0.901   0.521618286    0.350468384
     0.902   0.521611133    0.350798021
     0.903   0.521630781    0.351261095
     0.904   0.521771487    0.351626398
     0.905   0.521918729    0.351992864
     0.906   0.522028599    0.352457559
     0.907   0.522017517    0.352752091
     0.908   0.521940123    0.353010946
     0.909   0.521803942    0.353242824
      0.91    0.52190868    0.353492117
     0.911   0.522039857    0.353946169
     0.912   0.522153066    0.354469783
     0.913   0.522117331    0.354746511
     0.914   0.522054374    0.354997268
     0.915   0.521993208    0.355297969
     0.916    0.52196186    0.355718367
     0.917   0.521820867    0.356161332
     0.918   0.521674836     0.35652314
     0.919   0.521546709      0.3567815
      0.92   0.521548057    0.357322597
     0.921   0.521437946    0.357763957
     0.922   0.521254742    0.358157921
     0.923   0.521074276    0.358644158
     0.924    0.52080739    0.358952513
     0.925   0.520500874    0.359234251
     0.926   0.520189751    0.359605167
     0.927   0.519872462     0.35981818
     0.928   0.519585568     0.36005564
     0.929   0.519333591    0.360379828
      0.93   0.518672922    0.360469208
     0.931   0.518094515    0.360662279
     0.932   0.517508283    0.360952491
     0.933   0.516385988     0.36108384
     0.934   0.515325494    0.360972923
     0.935   0.514244209    0.360847234
     0.936   0.513248247    0.361146579
     0.937   0.512323175    0.361585292
     0.938    0.51152842    0.362125608
     0.939   0.510926415    0.362729395
      0.94   0.510297446     0.36356065
     0.941   0.509874343    0.364231544
     0.942   0.509507084    0.364751355
     0.943   0.508544112    0.364947585
     0.944   0.507497068    0.365109077
     0.945   0.506298608    0.365283213
     0.946   0.504968371    0.365516169
     0.947   0.503574785    0.365934738
     0.948   0.502150279    0.366552911
     0.949   0.500742329    0.367400688
      0.95   0.499630744    0.367621186
     0.951   0.498249172    0.367709383
     0.952   0.496592296    0.367744134
     0.953   0.494795876    0.368120969
     0.954   0.492941632     0.36851037
     0.955    0.49106024     0.36893453
     0.956   0.489221278     0.36944283
     0.957   0.487299697    0.369854834
     0.958   0.485510347    0.370295994
     0.959   0.483967488    0.370821869
      0.96   0.482305966    0.370954734
     0.961   0.481047052    0.371544884
     0.962   0.480145378    0.372492841
     0.963   0.478873883     0.37241343
     0.964   0.478258845    0.372972675
     0.965   0.477869841     0.37373114
     0.966   0.477060824    0.374065107
     0.967   0.476452869    0.374378936
     0.968   0.476041871    0.374746303
     0.969   0.475873531     0.37521145
      0.97   0.475604201    0.375643307
     0.971   0.475403299    0.376139512
     0.972   0.475267323    0.376695337
     0.973   0.475037253    0.377097414
     0.974   0.474769261    0.377446613
     0.975   0.474521182    0.377805241
     0.976   0.474474416    0.378301732
     0.977   0.474446283     0.37830266
     0.978   0.474373326    0.378440581
     0.979   0.474199437    0.379169484
      0.98   0.474297134     0.37974701
     0.981   0.474471831    0.380338252
     0.982   0.474700999     0.38092773
     0.983   0.474907586    0.380763639
     0.984   0.475017467    0.380946071
     0.985   0.475139202     0.38138339
     0.986   0.475595414    0.381975184
     0.987   0.476132805    0.382465506
     0.988   0.476518909    0.382853737
     0.989   0.476521255    0.383095845
      0.99   0.476950336    0.383493339
     0.991   0.477275632    0.383930279
     0.992    0.47742201    0.384387514
     0.993   0.478048954    0.384606317
     0.994   0.478679572    0.384976752
     0.995   0.485882335    0.388363168
     0.996   0.486598144    0.388715636
     0.997   0.487331627    0.389124724
     0.998    0.48803997    0.389454752
     0.999   0.488742425    0.389735328
         1   0.489461339    0.390068396
     1.001   0.490198629    0.390475073
     1.002   0.490929444    0.390855516
     1.003   0.491626963    0.391160902
     1.004   0.492324571    0.391476681
     1.005   0.493100007    0.391890964
     1.006   0.493875788    0.392305096
     1.007   0.494698911    0.392675672
     1.008   0.495513609    0.393039318
     1.009   0.496358838    0.393406465
      1.01   0.497197575    0.393768117
     1.011   0.498019217    0.394121643
     1.012   0.498807562    0.394477916
     1.013   0.499609549    0.394824738
     1.014   0.500453238    0.395155518
     1.015   0.501369762    0.395473773
     1.016   0.502333925     0.39574972
     1.017   0.503225259     0.39602292
     1.018   0.504024704    0.396362892
     1.019   0.504879257    0.396692727
      1.02   0.505852018    0.397107045
     1.021   0.506794922    0.397534863
     1.022   0.507663441     0.39778506
     1.023   0.508520134    0.398015312
     1.024   0.509374193    0.398336492
     1.025   0.510218507    0.398677071
     1.026   0.511081848    0.398980078
     1.027   0.511962348     0.39927659
     1.028   0.512878213    0.399644402
     1.029   0.513736627    0.400030072
      1.03   0.514470012    0.400359963
     1.031   0.515190362    0.400629063
     1.032   0.515970901    0.400895829
     1.033   0.516772949    0.401229287
     1.034   0.517558281    0.401598773
     1.035   0.518312892    0.401896674
     1.036   0.519033571    0.402152361
     1.037   0.519740972    0.402468981
     1.038   0.520461866    0.402802946
     1.039   0.521220583    0.403101141
      1.04   0.521968017    0.403387249
     1.041   0.522645793    0.403679156
     1.042   0.523289267      0.4039581
     1.043   0.523929978    0.404230643
     1.044   0.524587767     0.40452006
     1.045    0.52515449    0.404803017
     1.046   0.525627076    0.405103486
     1.047   0.526145543    0.405396689
     1.048   0.526719174     0.40566203
     1.049   0.527291782    0.406014981
      1.05   0.527912793    0.406409873
     1.051   0.528457389    0.406722639
     1.052   0.528818709    0.406997074
     1.053   0.529204663    0.407293092
     1.054   0.529689774    0.407582064
     1.055   0.530148119     0.40785534
     1.056   0.530485303    0.408128379
     1.057   0.530806146    0.408397504
     1.058   0.531156941     0.40864156
     1.059   0.531493081    0.408895523
      1.06   0.531817034    0.409200409
     1.061   0.532150992    0.409509585
     1.062   0.532408443    0.409833554
     1.063   0.532635235    0.410173293
     1.064   0.532908361    0.410426728
     1.065   0.533192253    0.410606229
     1.066   0.533462117    0.410847357
     1.067   0.533697729    0.411164203
     1.068   0.533831378    0.411501828
     1.069   0.533889917    0.411853463
      1.07   0.533946789    0.412191337
     1.071   0.534008412    0.412513512
     1.072   0.534097528    0.412823029
     1.073    0.53420177    0.413126125
     1.074   0.534291217    0.413439671
     1.075   0.534365658     0.41374209
     1.076   0.534416529    0.413997749
     1.077   0.534426191    0.414235912
     1.078    0.53440378    0.414509039
     1.079   0.534366374    0.414789809
      1.08   0.534324033    0.415056977
     1.081   0.534250813    0.415301793
     1.082    0.53414533    0.415555007
     1.083   0.533985041    0.415862162
     1.084   0.533804715    0.416172537
     1.085   0.533695073    0.416501124
     1.086   0.533640305    0.416829744
     1.087    0.53346475    0.417098563
     1.088   0.533123695    0.417344661
     1.089   0.532816971    0.417600476
      1.09   0.532675002    0.417839589
     1.091   0.532566457    0.418065159
     1.092   0.532337353    0.418325938
     1.093   0.532044016    0.418613155
     1.094    0.53179058    0.418861135
     1.095   0.531511386    0.419071548
     1.096   0.531167045     0.41933333
     1.097   0.530833346    0.419644366
     1.098   0.530531615      0.4199665
     1.099   0.530168478    0.420257507
       1.1    0.52977142    0.420496714
     1.101   0.529399081     0.42073865
     1.102   0.529050505    0.420922671
     1.103   0.528723194    0.421061325
     1.104   0.528414275    0.421165066
     1.105   0.528102725    0.421228403
     1.106   0.527768124    0.421265612
     1.107   0.527398955    0.421331447
     1.108   0.527022046    0.421465333
     1.109   0.526676551    0.421609566
      1.11   0.526361751    0.421639135
     1.111   0.525984909    0.421596626
     1.112   0.525608277    0.421615316
     1.113    0.52529027    0.421665839
     1.114   0.525090703    0.421839972
     1.115   0.524856451    0.422102419
     1.116    0.52445392    0.422450133
     1.117     0.5239929    0.422762053
     1.118   0.523437333    0.423125223
     1.119   0.522836638    0.423765062
      1.12    0.52207366    0.424461276
     1.121   0.521262535    0.425207313
     1.122   0.520390095    0.426059788
     1.123   0.519096118    0.427034047
     1.124   0.517638918    0.427988076
     1.125   0.516133553     0.42866193
     1.126   0.514554232    0.429299977
     1.127   0.512625586    0.430091694
     1.128    0.51058657    0.430902783
     1.129    0.50794358      0.4314035
      1.13   0.505228753    0.431719165
     1.131   0.502117367    0.431852456
     1.132   0.499044561    0.432003413
     1.133   0.495809423    0.432265215
     1.134   0.492490249    0.432568286
     1.135   0.489115019    0.432839548
     1.136   0.485798302    0.433034208
     1.137   0.482641205    0.433220511
     1.138    0.47939187    0.433330761
     1.139   0.476099359    0.433402404
      1.14    0.47264277    0.433633531
     1.141    0.46921836    0.433900509
     1.142   0.465678833    0.434187368
     1.143   0.462195901    0.434458446
     1.144    0.45872315    0.434616097
     1.145    0.45518707    0.434760883
     1.146   0.451159806      0.4352041
     1.147   0.447133952    0.435749476
     1.148   0.443299268    0.436303678
     1.149   0.439671749    0.436796971
      1.15   0.436436347    0.437291772
     1.151   0.433541433    0.437681405
     1.152   0.431049465    0.438031029
     1.153   0.428875645     0.43848956
     1.154   0.426887371     0.43893571
     1.155    0.42511552    0.439291235
     1.156   0.423513345    0.439519455
     1.157   0.421974223    0.439532536
     1.158   0.420630144     0.43959986
     1.159   0.419584321    0.439865741
      1.16   0.418635789    0.440097112
     1.161   0.417749709    0.440274075
     1.162    0.41694183    0.440440672
     1.163   0.416257913    0.440578513
     1.164   0.415623537    0.440704318
     1.165   0.415017277    0.440825263
     1.166   0.414450611    0.440935632
     1.167    0.41394109    0.441119483
     1.168    0.41346081    0.441312848
     1.169    0.41306603    0.441500513
      1.17   0.412686774    0.441687802
     1.171   0.412240786    0.441887172
     1.172   0.411784399    0.442093938
     1.173   0.411394355    0.442314353
     1.174    0.41105685    0.442541684
     1.175   0.410737178    0.442766083
     1.176   0.410440368    0.442999258
     1.177   0.410142637      0.4432411
     1.178   0.409832139    0.443472689
     1.179   0.409515758    0.443695962
      1.18   0.409183142    0.443942862
     1.181   0.408853756    0.444190365
     1.182   0.408482807    0.444462002
     1.183   0.408119671    0.444726286
     1.184   0.407757486    0.444977814
     1.185     0.4073998    0.445226497
     1.186   0.407122168    0.445472527
     1.187   0.406868167     0.44570983
     1.188   0.406636375    0.446000224
     1.189   0.406411708    0.446291305
      1.19   0.406247848    0.446502612
     1.191    0.40611422    0.446686462
     1.192   0.405980955    0.446843377
     1.193   0.405845422    0.446977331
     1.194    0.40573541    0.447112923
     1.195   0.405660004    0.447248809
     1.196   0.405633891    0.447409829
     1.197   0.405680751    0.447616472
     1.198   0.405743381    0.447830855
     1.199   0.405853703    0.448069376
       1.2   0.405967788    0.448303787
