0750.019	0.78079695
0750.075	0.78076470
0750.131	0.78015214
0750.188	0.77994400
0750.244	0.78088421
0750.300	0.78095621
0750.356	0.78098935
0750.413	0.78100282
0750.469	0.78015286
0750.525	0.77973658
0750.582	0.78017521
0750.638	0.77967387
0750.694	0.78102022
0750.751	0.78115231
0750.807	0.78056097
0750.863	0.78128618
0750.920	0.78132796
0750.976	0.78136235
0751.033	0.78139228
0751.089	0.78137183
0751.145	0.78075755
0751.202	0.78147990
0751.258	0.78151417
0751.315	0.78080732
0751.371	0.78151524
0751.428	0.78162134
0751.484	0.78165817
0751.541	0.78169119
0751.597	0.78172171
0751.654	0.78174508
0751.710	0.78162980
0751.767	0.78056347
0751.823	0.78182125
0751.880	0.78179026
0751.936	0.78075433
0751.993	0.78192925
0752.049	0.78198308
0752.106	0.78202027
0752.162	0.78205442
0752.219	0.78208721
0752.276	0.78211588
0752.332	0.78206795
0752.389	0.78135848
0752.445	0.78220981
0752.502	0.78225392
0752.559	0.78228951
0752.615	0.78232360
0752.672	0.78235728
0752.729	0.78239077
0752.785	0.78242391
0752.842	0.78245693
0752.899	0.78248948
0752.955	0.78252113
0753.012	0.78254867
0753.069	0.78248978
0753.125	0.78182167
0753.182	0.78263968
0753.239	0.78268450
0753.296	0.78271985
0753.352	0.78275371
0753.409	0.78278702
0753.466	0.78282022
0753.523	0.78285313
0753.579	0.78288597
0753.636	0.78291851
0753.693	0.78295070
0753.750	0.78298223
0753.807	0.78301126
0753.864	0.78301483
0753.920	0.78228253
0753.977	0.78308761
0754.034	0.78311700
0754.091	0.78216279
0754.148	0.78311586
0754.205	0.78220606
0754.262	0.78321987
0754.318	0.78329057
0754.375	0.78331560
0754.432	0.78256285
0754.489	0.78329617
0754.546	0.78341883
0754.603	0.78345376
0754.660	0.78347945
0754.717	0.78343713
0754.774	0.78229183
0754.831	0.78354895
0754.888	0.78358680
0754.945	0.78344047
0755.002	0.78142798
0755.059	0.78243077
0755.116	0.78370357
0755.173	0.78376108
0755.230	0.78379601
0755.287	0.78381634
0755.344	0.78277612
0755.401	0.78378481
0755.458	0.78392029
0755.515	0.78395796
0755.572	0.78399086
0755.629	0.78402263
0755.687	0.78405404
0755.744	0.78408527
0755.801	0.78411633
0755.858	0.78414732
0755.915	0.78417754
0755.972	0.78420776
0756.029	0.78423798
0756.086	0.78426814
0756.144	0.78429830
0756.201	0.78432792
0756.258	0.78435749
0756.315	0.78438711
0756.372	0.78441674
0756.430	0.78444630
0756.487	0.78447580
0756.544	0.78450531
0756.601	0.78453481
0756.659	0.78456426
0756.716	0.78459376
0756.773	0.78462327
0756.830	0.78465271
0756.888	0.78468221
0756.945	0.78471166
0757.002	0.78474116
0757.060	0.78476995
0757.117	0.78479874
0757.174	0.78482747
0757.232	0.78485626
0757.289	0.78488505
0757.346	0.78491384
0757.404	0.78494263
0757.461	0.78497148
0757.518	0.78500026
0757.576	0.78502905
0757.633	0.78505778
0757.691	0.78508651
0757.748	0.78511524
0757.805	0.78514397
0757.863	0.78517270
0757.920	0.78520107
0757.978	0.78522944
0758.035	0.78525788
0758.093	0.78528625
0758.150	0.78530234
0758.208	0.78530186
0758.265	0.78530616
0758.323	0.78525186
0758.380	0.78520268
0758.438	0.78511661
0758.495	0.78505719
0758.553	0.78487134
0758.610	0.78480333
0758.668	0.78443545
0758.725	0.78434807
0758.783	0.78408897
0758.841	0.78358507
0758.898	0.78337944
0758.956	0.78285056
0759.013	0.78222382
0759.071	0.78168821
0759.129	0.78087616
0759.186	0.77995014
0759.244	0.77864021
0759.301	0.77722633
0759.359	0.77504683
0759.417	0.77199459
0759.474	0.76603007
0759.532	0.74206066
0759.590	0.28549945
0759.648	0.35362664
0759.705	0.31493345
0759.763	0.12593645
0759.821	0.17843880
0759.878	0.26320052
0759.936	0.08134418
0759.994	0.36533129
0760.052	0.13842900
0760.109	0.10349211
0760.167	0.39029619
0760.225	0.06594197
0760.283	0.11312354
0760.341	0.25728118
0760.398	0.07768458
0760.456	0.05481626
0760.514	0.27176777
0760.572	0.05658000
0760.630	0.06364709
0760.688	0.20418891
0760.746	0.08105185
0760.803	0.19847144
0760.861	0.07367913
0760.919	0.17724378
0760.977	0.09486616
0761.035	0.24387702
0761.093	0.27710223
0761.151	0.05070401
0761.209	0.24075283
0761.267	0.07709900
0761.325	0.45576105
0761.383	0.30551249
0761.441	0.10422988
0761.499	0.30976617
0761.557	0.15380800
0761.615	0.57737982
0761.673	0.43759671
0761.731	0.15521947
0761.789	0.47945890
0761.847	0.29222161
0761.905	0.71048439
0761.963	0.74580282
0762.021	0.75416327
0762.079	0.75544858
0762.137	0.75019890
0762.195	0.69441581
0762.253	0.60806167
0762.311	0.14758416
0762.369	0.57182461
0762.428	0.68534601
0762.486	0.50888318
0762.544	0.10542023
0762.602	0.42257300
0762.660	0.06495345
0762.718	0.48731908
0762.776	0.65645170
0762.835	0.55606627
0762.893	0.12856579
0762.951	0.24777170
0763.009	0.10150416
0763.068	0.28147456
0763.126	0.59636635
0763.184	0.66083056
0763.242	0.51253110
0763.301	0.06253650
0763.359	0.26736450
0763.417	0.04383408
0763.475	0.36479238
0763.534	0.60592854
0763.592	0.66761535
0763.650	0.54486281
0763.709	0.10796852
0763.767	0.24463513
0763.825	0.09151903
0763.884	0.29885337
0763.942	0.60951191
0764.000	0.69133544
0764.059	0.63674432
0764.117	0.43925962
0764.175	0.07392160
0764.234	0.28600830
0764.292	0.07826818
0764.351	0.55390483
0764.409	0.69920969
0764.468	0.68484604
0764.526	0.69323593
0764.584	0.43505776
0764.643	0.12095062
0764.701	0.30717847
0764.760	0.15924744
0764.818	0.62176496
0764.877	0.72472471
0764.935	0.71370304
0764.994	0.72905153
0765.052	0.61303622
0765.111	0.14673720
0765.170	0.45057493
0765.228	0.13983513
0765.287	0.62107623
0765.345	0.73755699
0765.404	0.73686707
0765.462	0.75703526
0765.521	0.72603428
0765.580	0.53362042
0765.638	0.25101116
0765.697	0.49380517
0765.755	0.26364401
0765.814	0.70677012
0765.873	0.76001084
0765.931	0.75694674
0765.990	0.76951545
0766.049	0.74938893
0766.107	0.61010736
0766.166	0.31803218
0766.225	0.58253884
0766.284	0.33001173
0766.342	0.73770505
0766.401	0.76426834
0766.460	0.77730942
0766.518	0.77848446
0766.577	0.76956946
0766.636	0.74833649
0766.695	0.36010247
0766.754	0.68741584
0766.812	0.36803317
0766.871	0.74921542
0766.930	0.77769095
0766.989	0.77819091
0767.048	0.78381002
0767.106	0.78356493
0767.165	0.77751046
0767.224	0.74264538
0767.283	0.46163514
0767.342	0.71015263
0767.401	0.46629044
0767.460	0.77495474
0767.519	0.78175616
0767.578	0.78606063
0767.636	0.78679872
0767.695	0.78516901
0767.754	0.78535646
0767.813	0.77200967
0767.872	0.53705347
0767.931	0.74705368
0767.990	0.53881913
0768.049	0.78200775
0768.108	0.78571481
0768.167	0.78797770
0768.226	0.78841424
0768.285	0.78774422
0768.344	0.78815395
0768.403	0.78529811
0768.462	0.61658084
0768.521	0.76923519
0768.580	0.60648137
0768.640	0.77773732
0768.699	0.78658903
0768.758	0.78802872
0768.817	0.78721815
0768.876	0.78733307
0768.935	0.78777003
0768.994	0.78728145
0769.053	0.78497487
0769.112	0.67505908
0769.172	0.77411920
0769.231	0.66701132
0769.290	0.78338456
0769.349	0.78411776
0769.408	0.78952909
0769.468	0.78563696
0769.527	0.78946894
0769.586	0.78439635
0769.645	0.78950584
0769.704	0.78506255
0769.764	0.78111893
0769.823	0.72431874
0769.882	0.72143000
0769.942	0.78258777
0770.001	0.78958464
0770.060	0.78498107
0770.119	0.79007375
0770.179	0.78626227
0770.238	0.79025882
0770.297	0.78638083
0770.357	0.79007530
0770.416	0.78740269
0770.475	0.75872481
0770.535	0.78919625
0770.594	0.75484002
0770.653	0.79007012
0770.713	0.78955722
0770.772	0.79057366
0770.832	0.79067528
0770.891	0.79071003
0770.951	0.79073560
0771.010	0.79075414
0771.069	0.79075873
0771.129	0.79068506
0771.188	0.77790183
0771.248	0.78834260
0771.307	0.77764642
0771.367	0.79074097
0771.426	0.78836310
0771.486	0.79076588
0771.545	0.79073399
0771.605	0.78727645
0771.665	0.79097599
0771.724	0.79101443
0771.784	0.79095834
0771.843	0.78706795
0771.903	0.79074758
0771.962	0.78148705
0772.022	0.78629088
0772.082	0.79099554
0772.141	0.79115266
0772.201	0.79096240
0772.260	0.78664166
0772.320	0.79091728
0772.380	0.78588516
0772.439	0.79125559
0772.499	0.79131204
0772.559	0.79132736
0772.618	0.79124099
0772.678	0.78507221
0772.738	0.79111660
0772.798	0.78440607
0772.857	0.79136723
0772.917	0.79119682
0772.977	0.79146814
0773.036	0.79148108
0773.096	0.78736061
0773.156	0.79129750
0773.216	0.78692400
0773.276	0.79135239
0773.335	0.79160535
0773.395	0.79163843
0773.455	0.79163790
0773.515	0.79110819
0773.575	0.78773206
0773.635	0.79150420
0773.694	0.78797513
0773.754	0.79157019
0773.814	0.79177660
0773.874	0.79180878
0773.934	0.79183054
0773.994	0.79184401
0774.054	0.79175699
0774.114	0.78925067
0774.174	0.79173833
0774.234	0.78859597
0774.293	0.79172516
0774.353	0.79195589
0774.413	0.79181468
0774.473	0.79200649
0774.533	0.79201525
0774.593	0.79021096
0774.653	0.79195607
0774.713	0.78977752
0774.773	0.79198062
0774.833	0.79211628
0774.893	0.79214269
0774.953	0.79216367
0775.014	0.79218256
0775.074	0.79219776
0775.134	0.79211026
0775.194	0.79102641
0775.254	0.79092926
0775.314	0.79221654
0775.374	0.79229385
0775.434	0.79229367
0775.494	0.79205960
0775.555	0.79235679
0775.615	0.79237926
0775.675	0.79239249
0775.735	0.79161090
0775.795	0.79241377
0775.855	0.79166681
0775.916	0.79247427
0775.976	0.79249680
0776.036	0.79223430
0776.096	0.79254013
0776.156	0.79256767
0776.217	0.79258925
0776.277	0.79260504
0776.337	0.79216802
0776.398	0.79263574
0776.458	0.79219401
0776.518	0.79269439
0776.578	0.79271930
0776.639	0.79274166
0776.699	0.79276347
0776.759	0.79278499
0776.820	0.79280615
0776.880	0.79282570
0776.940	0.79260021
0777.001	0.79254472
0777.061	0.79260570
0777.122	0.79290891
0777.182	0.79293591
0777.242	0.79295856
0777.303	0.79298055
0777.363	0.79300261
0777.424	0.79302442
0777.484	0.79304582
0777.544	0.79306537
0777.605	0.79296076
0777.665	0.79309845
0777.726	0.79296356
0777.786	0.79132122
0777.847	0.79306334
0777.907	0.79319108
0777.968	0.79322314
0778.028	0.79324913
0778.089	0.79327357
0778.150	0.79329711
0778.210	0.79331923
0778.271	0.79327834
0778.331	0.79278558
0778.392	0.79328656
0778.452	0.79341400
0778.513	0.79344082
0778.574	0.79346442
0778.634	0.79348427
0778.695	0.79315853
0778.756	0.79350388
0778.816	0.79355752
0778.877	0.79358327
0778.938	0.79360765
0778.998	0.79363155
0779.059	0.79365516
0779.120	0.79367834
0779.180	0.79370147
0779.241	0.79372257
0779.302	0.79373562
0779.362	0.79361206
0779.423	0.79110098
0779.484	0.79367465
0779.545	0.79383832
0779.606	0.79387563
0779.666	0.79390496
0779.727	0.79393125
0779.788	0.79395092
0779.849	0.79328829
0779.910	0.79394686
0779.970	0.79403889
0780.031	0.79407018
0780.092	0.79409873
0780.153	0.79412627
0780.214	0.79415321
0780.275	0.79417902
0780.336	0.79420197
0780.396	0.79421300
0780.457	0.79397303
0780.518	0.79130960
0780.579	0.79427385
0780.640	0.79433662
0780.701	0.79437190
0780.762	0.79440266
0780.823	0.79443187
0780.884	0.79446059
0780.945	0.79448891
0781.006	0.79451740
0781.067	0.79454577
0781.128	0.79457408
0781.189	0.79460233
0781.250	0.79463053
0781.311	0.79465890
0781.372	0.79468715
0781.433	0.79471529
0781.494	0.79474288
0781.555	0.79476893
0781.616	0.79477626
0781.677	0.79427487
0781.739	0.79484504
0781.800	0.79488277
0781.861	0.79491240
0781.922	0.79494077
0781.983	0.79496765
0782.044	0.79498982
0782.105	0.79494226
0782.167	0.79380310
0782.228	0.79505986
0782.289	0.79510456
0782.350	0.79512078
0782.411	0.79398715
0782.473	0.79510921
0782.534	0.79522425
0782.595	0.79526132
0782.656	0.79529375
0782.718	0.79532498
0782.779	0.79535580
0782.840	0.79538661
0782.901	0.79541731
0782.963	0.79544795
0783.024	0.79547828
0783.085	0.79550838
0783.147	0.79553759
0783.208	0.79556602
0783.269	0.79559231
0783.331	0.79561174
0783.392	0.79558158
0783.453	0.79260576
0783.515	0.79554611
0783.576	0.79571450
0783.638	0.79565740
0783.699	0.79490852
0783.760	0.79581630
0783.822	0.79585958
0783.883	0.79589170
0783.945	0.79592168
0784.006	0.79595059
0784.068	0.79597849
0784.129	0.79599196
0784.191	0.79563969
0784.252	0.79575086
0784.314	0.79607117
0784.375	0.79612172
0784.437	0.79614967
0784.498	0.79617393
0784.560	0.79618371
0784.621	0.79563767
0784.683	0.79621065
0784.745	0.79618973
0784.806	0.79518604
0784.868	0.78229749
0784.929	0.79616916
0784.991	0.79628336
0785.053	0.79560494
0785.114	0.78966284
0785.176	0.79630572
0785.238	0.79601663
0785.299	0.79077476
0785.361	0.79645413
0785.423	0.79650766
0785.484	0.79643810
0785.546	0.78955489
0785.608	0.78641993
0785.669	0.78115731
0785.731	0.79558283
0785.793	0.79659265
0785.855	0.79669672
0785.916	0.79674077
0785.978	0.79676282
0786.040	0.79673922
0786.102	0.79354751
0786.164	0.79660928
0786.225	0.79660636
0786.287	0.78519642
0786.349	0.79563868
0786.411	0.79671472
0786.473	0.79630828
0786.535	0.77980578
0786.596	0.79551083
0786.658	0.76432037
0786.720	0.79466683
0786.782	0.77366287
0786.844	0.74034441
0786.906	0.77723891
0786.968	0.79643089
0787.030	0.79675359
0787.092	0.79662079
0787.154	0.79476720
0787.216	0.74156106
0787.278	0.77595383
0787.340	0.79615855
0787.402	0.79664242
0787.464	0.79327053
0787.526	0.75674403
0787.588	0.79642433
0787.650	0.79646403
0787.712	0.79421312
0787.774	0.75876963
0787.836	0.76182717
0787.898	0.69945234
0787.960	0.79511172
0788.022	0.79665768
0788.084	0.79681653
0788.146	0.79434979
0788.208	0.76350725
0788.271	0.72960794
0788.333	0.79310894
0788.395	0.77260602
0788.457	0.79516333
0788.519	0.79713535
0788.581	0.79711533
0788.644	0.79604721
0788.706	0.75585836
0788.768	0.79378152
0788.830	0.77680814
0788.892	0.75793302
0788.955	0.71903348
0789.017	0.77982712
0789.079	0.79117990
0789.141	0.73858881
0789.204	0.79336101
0789.266	0.78074962
0789.328	0.75202453
0789.391	0.70058763
0789.453	0.78636837
0789.515	0.78936815
0789.578	0.67674875
0789.640	0.79245454
0789.702	0.75951195
0789.765	0.68249190
0789.827	0.65575266
0789.889	0.79109997
0789.952	0.79357708
0790.014	0.79696298
0790.077	0.79713583
0790.139	0.77904117
0790.201	0.79229367
0790.264	0.78966403
0790.326	0.73194754
0790.389	0.59965110
0790.451	0.78447121
0790.514	0.73938572
0790.576	0.77745003
0790.639	0.79559064
0790.701	0.79756165
0790.764	0.79771423
0790.826	0.79257995
0790.889	0.79631943
0790.951	0.77920294
0791.014	0.79261535
0791.077	0.63346905
0791.139	0.71951145
0791.202	0.78656036
0791.264	0.72678590
0791.327	0.78849727
0791.390	0.76488745
0791.452	0.79403889
0791.515	0.79421735
0791.578	0.79800910
0791.640	0.79787636
0791.703	0.79624766
0791.766	0.70919085
0791.828	0.78762615
0791.891	0.76784194
0791.954	0.71579933
0792.016	0.78779608
0792.079	0.79543430
0792.142	0.79719549
0792.205	0.79397374
0792.267	0.63418812
0792.330	0.77651250
0792.393	0.79639655
0792.456	0.79343510
0792.519	0.79750508
0792.581	0.79447752
0792.644	0.67425752
0792.707	0.78984338
0792.770	0.79763961
0792.833	0.79836690
0792.896	0.79826272
0792.959	0.79706711
0793.021	0.77328926
0793.084	0.63411874
0793.147	0.73614997
0793.210	0.78013718
0793.273	0.79763365
0793.336	0.79667723
0793.399	0.75156236
0793.462	0.79134619
0793.525	0.79909116
0793.588	0.79955566
0793.651	0.79970372
0793.714	0.79977846
0793.777	0.79980409
0793.840	0.79966176
0793.903	0.79005927
0793.966	0.79932719
0794.029	0.79967755
0794.092	0.78914088
0794.155	0.79769331
0794.218	0.79972893
0794.281	0.79862565
0794.344	0.79723376
0794.407	0.75917047
0794.470	0.78795600
0794.534	0.79868764
0794.597	0.79999328
0794.660	0.80002272
0794.723	0.79876751
0794.786	0.79947799
0794.849	0.79856300
0794.913	0.78676009
0794.976	0.74387562
0795.039	0.79381937
0795.102	0.79955554
0795.165	0.79977530
0795.229	0.79579937
0795.292	0.76023686
0795.355	0.75800294
0795.418	0.79754525
0795.482	0.79963809
0795.545	0.79666740
0795.608	0.75192076
0795.672	0.79877830
0795.735	0.79970938
0795.798	0.79666388
0795.862	0.77192563
0795.925	0.79848838
0795.988	0.78629172
0796.052	0.65190154
0796.115	0.78116471
0796.178	0.79380703
0796.242	0.72517979
0796.305	0.67088997
0796.369	0.72086275
0796.432	0.78897542
0796.495	0.66937816
0796.559	0.67887753
0796.622	0.72035253
0796.686	0.76979131
0796.749	0.79711437
0796.813	0.79882973
0796.876	0.79656237
0796.940	0.79760456
0797.003	0.68197799
0797.067	0.73442465
0797.130	0.79292947
0797.194	0.79592532
0797.257	0.79947400
0797.321	0.79136169
0797.385	0.70252049
0797.448	0.78448153
0797.512	0.79984164
0797.575	0.79770893
0797.639	0.76841605
0797.703	0.75774002
0797.766	0.79502875
0797.830	0.79415107
0797.894	0.78260303
0797.957	0.80101430
0798.021	0.80117959
0798.085	0.79998571
0798.148	0.79975116
0798.212	0.75426757
0798.276	0.75193834
0798.339	0.79642493
0798.403	0.79282832
0798.467	0.80043364
0798.531	0.79796517
0798.594	0.77332091
0798.658	0.68741041
0798.722	0.79678017
0798.786	0.79752600
0798.850	0.74034703
0798.913	0.79617959
0798.977	0.79231238
0799.041	0.77808255
0799.105	0.80104280
0799.169	0.80133635
0799.233	0.79943824
0799.297	0.74263734
0799.361	0.79683566
0799.424	0.79935306
0799.488	0.79975653
0799.552	0.78996849
0799.616	0.76464778
0799.680	0.79966271
0799.744	0.79201895
0799.808	0.78602594
0799.872	0.78141010
0799.936	0.80018115
0800.000	0.79105252
0800.064	0.69224340
0800.128	0.77782625
0800.192	0.78861278
0800.256	0.65554214
0800.320	0.77481681
0800.384	0.78821808
0800.448	0.80023301
0800.512	0.79839915
0800.576	0.77137762
0800.641	0.79714692
0800.705	0.76281762
0800.769	0.79721516
0800.833	0.79919481
0800.897	0.77985847
0800.961	0.58663064
0801.025	0.72535735
0801.089	0.79897016
0801.154	0.80109465
0801.218	0.80107015
0801.282	0.76248783
0801.346	0.79718268
0801.410	0.79707772
0801.475	0.74472308
0801.539	0.64745158
0801.603	0.74051988
0801.667	0.77595448
0801.732	0.79901969
0801.796	0.80165935
0801.860	0.78800350
0801.925	0.79738295
0801.989	0.75527477
0802.053	0.78321934
0802.118	0.80162477
0802.182	0.80173290
0802.246	0.79304630
0802.311	0.72484767
0802.375	0.79742789
0802.439	0.75656468
0802.504	0.75132489
0802.568	0.73687476
0802.633	0.72293711
0802.697	0.79043162
0802.761	0.76941842
0802.826	0.76271987
0802.890	0.78095049
0802.955	0.78754944
0803.019	0.71338767
0803.084	0.70122498
0803.148	0.78208631
0803.213	0.79975671
0803.277	0.80215877
0803.342	0.78141367
0803.406	0.80068034
0803.471	0.80214840
0803.536	0.79543954
0803.600	0.73018289
0803.665	0.71769321
0803.729	0.77434188
0803.794	0.79674774
0803.859	0.69971132
0803.923	0.79643816
0803.988	0.78776455
0804.052	0.80112427
0804.117	0.79938942
0804.182	0.72780317
0804.246	0.80066347
0804.311	0.80267036
0804.376	0.79752994
0804.440	0.75927687
0804.505	0.72189873
0804.570	0.76447523
0804.635	0.71975911
0804.699	0.79336447
0804.764	0.70618814
0804.829	0.79097354
0804.894	0.79078853
0804.959	0.80342555
0805.023	0.80370271
0805.088	0.79727298
0805.153	0.78292179
0805.218	0.80334353
0805.283	0.80274886
0805.348	0.80400270
0805.412	0.80140054
0805.477	0.76262814
0805.542	0.78246403
0805.607	0.80165058
0805.672	0.77573490
0805.737	0.78790945
0805.802	0.80216074
0805.867	0.80440742
0805.932	0.80382717
0805.997	0.80245990
0806.062	0.80217695
0806.127	0.78197348
0806.192	0.76451153
0806.257	0.78845245
0806.322	0.80386597
0806.387	0.80268478
0806.452	0.78148752
0806.517	0.79145622
0806.582	0.75391948
0806.647	0.80346441
0806.712	0.77644807
0806.777	0.79471856
0806.842	0.80466455
0806.907	0.80472875
0806.972	0.79905647
0807.037	0.80237770
0807.103	0.79523063
0807.168	0.79663533
0807.233	0.71991479
0807.298	0.79385859
0807.363	0.78867900
0807.428	0.80313045
0807.494	0.80409473
0807.559	0.80484915
0807.624	0.80387515
0807.689	0.78672373
0807.754	0.78200692
0807.820	0.77193147
0807.885	0.80213362
0807.950	0.80473554
0808.016	0.80360919
0808.081	0.78189689
0808.146	0.78531641
0808.211	0.78190774
0808.277	0.78679729
0808.342	0.78744566
0808.407	0.79052687
0808.473	0.80220640
0808.538	0.79029542
0808.604	0.80371010
0808.669	0.75887907
0808.734	0.72406381
0808.800	0.75330305
0808.865	0.80034918
0808.931	0.80359101
0808.996	0.79602450
0809.061	0.79225683
0809.127	0.80333823
0809.192	0.80331266
0809.258	0.72548574
0809.323	0.78207922
0809.389	0.80232912
0809.454	0.79974556
0809.520	0.80365843
0809.586	0.78133249
0809.651	0.67197424
0809.717	0.78638208
0809.782	0.78404909
0809.848	0.70260906
0809.913	0.79181391
0809.979	0.77388948
0810.045	0.75772566
0810.110	0.75929183
0810.176	0.78928220
0810.241	0.80455166
0810.307	0.80347675
0810.373	0.77868527
0810.438	0.77544153
0810.504	0.79756415
0810.570	0.75220960
0810.636	0.80189836
0810.701	0.75095654
0810.767	0.80235380
0810.833	0.76858157
0810.898	0.78853184
0810.964	0.78178960
0811.030	0.69013530
0811.096	0.74893659
0811.162	0.79574478
0811.227	0.75446445
0811.293	0.72624969
0811.359	0.79866391
0811.425	0.78208631
0811.491	0.70856482
0811.557	0.66758996
0811.622	0.65208191
0811.688	0.74425495
0811.754	0.79978377
0811.820	0.79497886
0811.886	0.79342115
0811.952	0.79346162
0812.018	0.75345576
0812.084	0.67158353
0812.150	0.78676945
0812.216	0.80022615
0812.282	0.70740271
0812.348	0.68108112
0812.414	0.78175998
0812.480	0.62017387
0812.546	0.72230202
0812.612	0.74791962
0812.678	0.78795075
0812.744	0.63923603
0812.810	0.78759235
0812.876	0.68203533
0812.942	0.75995523
0813.008	0.80023384
0813.074	0.80092615
0813.140	0.79593503
0813.206	0.76335907
0813.273	0.41186339
0813.339	0.62861043
0813.405	0.77081203
0813.471	0.75651997
0813.537	0.66501975
0813.603	0.31730458
0813.670	0.70592815
0813.736	0.41636175
0813.802	0.76991099
0813.868	0.55781329
0813.935	0.72067386
0814.001	0.79556632
0814.067	0.79784399
0814.133	0.79031831
0814.200	0.61444390
0814.266	0.51471162
0814.332	0.60847896
0814.399	0.44451988
0814.465	0.71030086
0814.531	0.78062391
0814.598	0.55169034
0814.664	0.69586694
0814.730	0.79209417
0814.797	0.75813448
0814.863	0.52907866
0814.929	0.53806919
0814.996	0.74139714
0815.062	0.41050407
0815.129	0.60376936
0815.195	0.30669460
0815.262	0.75692278
0815.328	0.78814268
0815.395	0.77765560
0815.461	0.42598671
0815.528	0.72104579
0815.594	0.51728040
0815.661	0.31594601
0815.727	0.49715173
0815.794	0.76682407
0815.860	0.77743858
0815.927	0.73850989
0815.993	0.39059553
0816.060	0.67332208
0816.127	0.76778275
0816.193	0.78346193
0816.260	0.77168703
0816.327	0.63887918
0816.393	0.22321433
0816.460	0.25915858
0816.526	0.67318243
0816.593	0.66533935
0816.660	0.15601385
0816.727	0.44798306
0816.793	0.74405724
0816.860	0.73393661
0816.927	0.73544765
0816.993	0.77743506
0817.060	0.68523329
0817.127	0.38813588
0817.194	0.19046707
0817.261	0.58808780
0817.327	0.76922977
0817.394	0.76202005
0817.461	0.78739393
0817.528	0.73364079
0817.595	0.75373745
0817.661	0.69078642
0817.728	0.77406323
0817.795	0.76126856
0817.862	0.65417165
0817.929	0.19571988
0817.996	0.38541728
0818.063	0.39724070
0818.130	0.38676339
0818.197	0.67771673
0818.264	0.77304775
0818.331	0.75697207
0818.398	0.33400545
0818.465	0.64452529
0818.532	0.65335816
0818.599	0.78349417
0818.666	0.76733238
0818.733	0.78097683
0818.800	0.74008465
0818.867	0.39130402
0818.934	0.75806975
0819.001	0.73134482
0819.068	0.73347372
0819.135	0.24627244
0819.202	0.58783787
0819.269	0.76754677
0819.336	0.76020938
0819.403	0.76276994
0819.471	0.70371574
0819.538	0.27182603
0819.605	0.71265745
0819.672	0.78317791
0819.739	0.78863698
0819.807	0.78842801
0819.874	0.77528900
0819.941	0.64251423
0820.008	0.23357528
0820.075	0.70568997
0820.143	0.57206947
0820.210	0.53316021
0820.277	0.45256141
0820.345	0.71459687
0820.412	0.79276949
0820.479	0.79913181
0820.547	0.79740828
0820.614	0.79948092
0820.681	0.71627694
0820.749	0.79451966
0820.816	0.80151337
0820.883	0.80346853
0820.951	0.79717666
0821.018	0.80184591
0821.085	0.79994923
0821.153	0.67131221
0821.220	0.76647305
0821.288	0.69194454
0821.355	0.76822782
0821.423	0.53224176
0821.490	0.74362803
0821.558	0.78969437
0821.625	0.76923811
0821.693	0.72517890
0821.760	0.78408378
0821.828	0.80011380
0821.895	0.78169715
0821.963	0.77072728
0822.030	0.37841803
0822.098	0.75060070
0822.166	0.79147005
0822.233	0.78832686
0822.301	0.78770596
0822.368	0.49742970
0822.436	0.76385045
0822.504	0.76703203
0822.571	0.73760265
0822.639	0.35996559
0822.707	0.75683242
0822.774	0.54820871
0822.842	0.68007976
0822.910	0.24717517
0822.978	0.48383781
0823.045	0.04311685
0823.113	0.24806507
0823.181	0.40826839
0823.249	0.58078521
0823.316	0.55690485
0823.384	0.09728052
0823.452	0.70545733
0823.520	0.75758952
0823.588	0.40569144
0823.655	0.55579072
0823.723	0.76894283
0823.791	0.76318330
0823.859	0.69332635
0823.927	0.57180083
0823.995	0.74877614
0824.063	0.77191967
0824.131	0.79378992
0824.198	0.59844071
0824.266	0.74524766
0824.334	0.78801405
0824.402	0.79340923
0824.470	0.72834235
0824.538	0.52493531
0824.606	0.36505783
0824.674	0.77277684
0824.742	0.79514581
0824.810	0.80056691
0824.878	0.75975323
0824.946	0.80088115
0825.014	0.80105424
0825.082	0.78353959
0825.151	0.80359542
0825.219	0.80583477
0825.287	0.80529082
0825.355	0.79781497
0825.423	0.79147792
0825.491	0.53519130
0825.559	0.77934402
0825.628	0.79881597
0825.696	0.78562397
0825.764	0.78494972
0825.832	0.62091267
0825.900	0.27156216
0825.968	0.75734431
0826.037	0.72741854
0826.105	0.78416324
0826.173	0.47559592
0826.241	0.67587066
0826.310	0.78555691
0826.378	0.79862851
0826.446	0.79960537
0826.515	0.75286633
0826.583	0.50000453
0826.651	0.78761560
0826.720	0.76274502
0826.788	0.80400097
0826.856	0.80440140
0826.925	0.79812175
0826.993	0.80559516
0827.061	0.80522180
0827.130	0.73822659
0827.198	0.79956192
0827.267	0.80132461
0827.335	0.79026693
0827.404	0.48607165
0827.472	0.71426034
0827.541	0.70937830
0827.609	0.64304423
0827.678	0.29517046
0827.746	0.73045993
0827.815	0.74145150
0827.883	0.35524660
0827.952	0.75228995
0828.020	0.78769159
0828.089	0.74025130
0828.157	0.43942603
0828.226	0.69093192
0828.295	0.78090537
0828.363	0.72987789
0828.432	0.30691531
0828.500	0.74405915
0828.569	0.79022682
0828.638	0.79865032
0828.706	0.80033529
0828.775	0.78847605
0828.844	0.79536927
0828.912	0.77066219
0828.981	0.52172047
0829.050	0.27055177
0829.119	0.72231007
0829.187	0.45763710
0829.256	0.77984214
0829.325	0.77319402
0829.394	0.79910177
0829.463	0.80008316
0829.531	0.79010689
0829.600	0.66821390
0829.669	0.24656402
0829.738	0.64446175
0829.807	0.73014021
0829.876	0.80031401
0829.944	0.80465120
0830.013	0.79966897
0830.082	0.79425949
0830.151	0.79112649
0830.220	0.70355886
0830.289	0.34970585
0830.358	0.78794140
0830.427	0.79888988
0830.496	0.79886460
0830.565	0.78349191
0830.634	0.49794605
0830.703	0.34069109
0830.772	0.65120375
0830.841	0.77782428
0830.910	0.79870504
0830.979	0.76835251
0831.048	0.79788435
0831.117	0.78542060
0831.186	0.79507780
0831.255	0.76913786
0831.324	0.75980633
0831.393	0.51785201
0831.463	0.75864172
0831.532	0.78404778
0831.601	0.68405932
0831.670	0.79697162
0831.739	0.79554582
0831.808	0.70701939
0831.878	0.55937874
0831.947	0.78086126
0832.016	0.42536762
0832.085	0.69320798
0832.154	0.79352790
0832.224	0.79227078
0832.293	0.73170936
0832.362	0.21948284
0832.432	0.67606986
0832.501	0.79311210
0832.570	0.80410868
0832.639	0.80525893
0832.709	0.80823320
0832.778	0.78704178
0832.847	0.74886066
0832.917	0.65669370
0832.986	0.80458921
0833.056	0.76275802
0833.125	0.76583362
0833.194	0.50596958
0833.264	0.75589752
0833.333	0.79485512
0833.403	0.79614645
0833.472	0.66356254
0833.542	0.76508790
0833.611	0.55699962
0833.681	0.79880005
0833.750	0.66775477
0833.820	0.77848917
0833.889	0.80821574
0833.959	0.80534375
0834.028	0.79971343
0834.098	0.51787102
0834.167	0.48721391
0834.237	0.79880315
0834.307	0.80747074
0834.376	0.77164704
0834.446	0.65085536
0834.516	0.80360723
0834.585	0.81189036
0834.655	0.80875528
0834.725	0.81304920
0834.794	0.81301033
0834.864	0.79934359
0834.934	0.77905732
0835.003	0.79621774
0835.073	0.80156976
0835.143	0.54706484
0835.213	0.77783513
0835.282	0.80918276
0835.352	0.81026268
0835.422	0.80362940
0835.492	0.80717421
0835.562	0.61870635
0835.631	0.78780812
0835.701	0.66352350
0835.771	0.80729377
0835.841	0.80709571
0835.911	0.60482734
0835.981	0.68956989
0836.051	0.80864125
0836.120	0.80992383
0836.190	0.75029606
0836.260	0.81160551
0836.330	0.81023234
0836.400	0.68725717
0836.470	0.64713603
0836.540	0.80924630
0836.610	0.80673701
0836.680	0.81383359
0836.750	0.79869419
0836.820	0.80444819
0836.890	0.77359468
0836.960	0.63564920
0837.030	0.80599487
0837.100	0.81047338
0837.170	0.75602341
0837.240	0.81104422
0837.311	0.79712993
0837.381	0.80957180
0837.451	0.81171805
0837.521	0.79270494
0837.591	0.73375881
0837.661	0.71865612
0837.731	0.79988950
0837.802	0.73052716
0837.872	0.62731594
0837.942	0.74337393
0838.012	0.80873036
0838.082	0.80160117
0838.153	0.81521463
0838.223	0.81550628
0838.293	0.81515318
0838.364	0.78572470
0838.434	0.81424612
0838.504	0.81347948
0838.574	0.81067383
0838.645	0.74744582
0838.715	0.77748537
0838.785	0.71190435
0838.856	0.78594637
0838.926	0.77744246
0838.997	0.77282995
0839.067	0.80963975
0839.137	0.80757982
0839.208	0.80051839
0839.278	0.81604224
0839.349	0.81627923
0839.419	0.81624180
0839.490	0.81416541
0839.560	0.81303740
0839.631	0.73297173
0839.701	0.77490193
0839.772	0.81266755
0839.842	0.81488228
0839.913	0.74972022
0839.983	0.78214413
0840.054	0.81471980
0840.124	0.81589937
0840.195	0.78584135
0840.266	0.79360819
0840.336	0.81395602
0840.407	0.81641459
0840.477	0.81577390
0840.548	0.80064499
0840.619	0.79367954
0840.689	0.81183290
0840.760	0.73449957
0840.831	0.78510398
0840.901	0.81552142
0840.972	0.81501198
0841.043	0.77291209
0841.114	0.69617981
0841.184	0.75727975
0841.255	0.81345707
0841.326	0.80298424
0841.397	0.81568611
0841.467	0.81566256
0841.538	0.81644487
0841.609	0.80467671
0841.680	0.81456250
0841.751	0.73104274
0841.822	0.80606514
0841.893	0.81428796
0841.963	0.78406042
0842.034	0.80841053
0842.105	0.73039865
0842.176	0.81558454
0842.247	0.81548268
0842.318	0.80269116
0842.389	0.81702971
0842.460	0.81762791
0842.531	0.81579238
0842.602	0.81764090
0842.673	0.81781536
0842.744	0.81621176
0842.815	0.81767684
0842.886	0.81771982
0842.957	0.81603247
0843.028	0.79430479
0843.099	0.81445646
0843.170	0.79895443
0843.241	0.81263822
0843.313	0.75810999
0843.384	0.81554639
0843.455	0.81715751
0843.526	0.81455415
0843.597	0.81674767
0843.668	0.79703933
0843.739	0.81557721
0843.811	0.81274217
0843.882	0.73364931
0843.953	0.80587453
0844.024	0.78856468
0844.096	0.81610274
0844.167	0.81772518
0844.238	0.81780195
0844.309	0.80026579
0844.381	0.81742156
0844.452	0.78067285
0844.523	0.81360847
0844.595	0.81793070
0844.666	0.81519729
0844.737	0.79879504
0844.809	0.81616664
0844.880	0.80162221
0844.951	0.81783658
0845.023	0.81781113
0845.094	0.81619519
0845.166	0.81851679
0845.237	0.80988449
0845.309	0.81013364
0845.380	0.81643695
0845.451	0.80223763
0845.523	0.81836444
0845.594	0.81717426
0845.666	0.81896013
0845.737	0.81901640
0845.809	0.81903607
0845.881	0.81852210
0845.952	0.81784379
0846.024	0.81899375
0846.095	0.81877714
0846.167	0.81721699
0846.238	0.77182472
0846.310	0.81161690
0846.382	0.81264716
0846.453	0.81875980
0846.525	0.81140226
0846.597	0.81461942
0846.668	0.81916744
0846.740	0.81931627
0846.812	0.81935346
0846.883	0.81915605
0846.955	0.81925368
0847.027	0.81743097
0847.099	0.81893378
0847.170	0.81361389
0847.242	0.81938452
0847.314	0.81950784
0847.386	0.81954509
0847.458	0.81956315
0847.529	0.81951290
0847.601	0.81792587
0847.673	0.81958121
0847.745	0.81960160
0847.817	0.81957620
0847.889	0.81875473
0847.961	0.81877559
0848.033	0.79809755
0848.104	0.81125635
0848.176	0.81477392
0848.248	0.78335816
0848.320	0.81649649
0848.392	0.81924421
0848.464	0.80999905
0848.536	0.81907451
0848.608	0.81967616
0848.680	0.81970865
0848.752	0.81912982
0848.824	0.81903350
0848.896	0.78319693
0848.969	0.81348658
0849.041	0.81016415
0849.113	0.81867206
0849.185	0.81973350
0849.257	0.81972837
0849.329	0.81908423
0849.401	0.79086989
0849.473	0.81847441
0849.545	0.81900483
0849.618	0.80573976
0849.690	0.81952536
0849.762	0.81973648
0849.834	0.81739694
0849.907	0.79632473
0849.979	0.81909889
0850.051	0.81979936
0850.123	0.81836379
0850.196	0.79985327
0850.268	0.81795645
0850.340	0.81680733
0850.412	0.81964535
0850.485	0.81911951
0850.557	0.80125666
0850.629	0.81959540
0850.702	0.81949896
0850.774	0.81625926
0850.847	0.78768414
0850.919	0.81968057
0850.991	0.82016659
0851.064	0.82025260
0851.136	0.82023847
0851.209	0.82008880
0851.281	0.81750512
0851.354	0.81722534
0851.426	0.75978422
0851.499	0.77550405
0851.571	0.80838764
0851.644	0.81980067
0851.716	0.81864053
0851.789	0.81902105
0851.861	0.80754703
0851.934	0.81979775
0852.006	0.82034695
0852.079	0.81969571
0852.152	0.81051373
0852.224	0.77453673
0852.297	0.81970406
0852.370	0.82038432
0852.442	0.81989926
0852.515	0.80304581
0852.588	0.81954741
0852.660	0.82065469
0852.733	0.82066882
0852.806	0.81972015
0852.878	0.80304229
0852.951	0.82046551
0853.024	0.82082915
0853.097	0.82084340
0853.170	0.81996834
0853.242	0.80913079
0853.315	0.82078326
0853.388	0.82098395
0853.461	0.82044637
0853.534	0.81957191
0853.606	0.81844407
0853.679	0.79733038
0853.752	0.81835812
0853.825	0.81995815
0853.898	0.80663991
0853.971	0.82092851
0854.044	0.82108873
0854.117	0.82083678
0854.190	0.80172443
0854.263	0.81511843
0854.336	0.78116006
0854.409	0.82054120
0854.482	0.82122809
0854.555	0.82138181
0854.628	0.82104653
0854.701	0.82087481
0854.774	0.82106209
0854.847	0.80281419
0854.920	0.81420106
0854.993	0.82099736
0855.066	0.81979907
0855.139	0.82153940
0855.213	0.82172811
0855.286	0.82175970
0855.359	0.82176101
0855.432	0.82147086
0855.505	0.82137531
0855.578	0.79487622
0855.652	0.81860679
0855.725	0.81237632
0855.798	0.82055873
0855.871	0.80566150
0855.945	0.82165444
0856.018	0.82197785
0856.091	0.82205904
0856.164	0.82208318
0856.238	0.82117862
0856.311	0.82211781
0856.384	0.82201427
0856.458	0.81044668
0856.531	0.82168412
0856.604	0.82223296
0856.678	0.82228607
0856.751	0.82201213
0856.825	0.82234317
0856.898	0.82018703
0856.971	0.82217932
0857.045	0.82244170
0857.118	0.82247150
0857.192	0.82247591
0857.265	0.82242757
0857.339	0.82179302
0857.412	0.80904895
0857.486	0.82083762
0857.559	0.79105109
0857.633	0.82172871
0857.706	0.81370974
0857.780	0.82250208
0857.854	0.82271141
0857.927	0.82277936
0858.001	0.82282436
0858.074	0.82286119
0858.148	0.82289398
0858.222	0.82292402
0858.295	0.82295084
0858.369	0.82296878
0858.443	0.82281899
0858.516	0.82102299
0858.590	0.82303280
0858.664	0.82305163
0858.738	0.82230985
0858.811	0.82312638
0858.885	0.82316017
0858.959	0.82317287
0859.033	0.82314825
0859.107	0.82279003
0859.180	0.80964822
0859.254	0.81849134
0859.328	0.82314086
0859.402	0.82332504
0859.476	0.82338238
0859.550	0.82341951
0859.623	0.82341343
0859.697	0.82302988
0859.771	0.82288289
0859.845	0.82354051
0859.919	0.82357764
0859.993	0.82360840
0860.067	0.82363778
0860.141	0.82366669
0860.215	0.82369512
0860.289	0.82372332
0860.363	0.82375097
0860.437	0.82377768
0860.511	0.82380033
0860.585	0.82377183
0860.659	0.82248026
0860.733	0.82386744
0860.807	0.82391161
0860.882	0.82389933
0860.956	0.82396609
0861.030	0.82394457
0861.104	0.82391685
0861.178	0.82362843
0861.252	0.81599295
0861.326	0.82343900
0861.401	0.82408166
0861.475	0.82403296
0861.549	0.82399666
0861.623	0.82421476
0861.698	0.82407141
0861.772	0.82400626
0861.846	0.82429147
0861.920	0.82408720
0861.995	0.82434565
0862.069	0.82401693
0862.143	0.82440627
0862.218	0.82410997
0862.292	0.82445705
0862.366	0.82403535
0862.441	0.82451153
0862.515	0.82414377
0862.589	0.82456356
0862.664	0.82408893
0862.738	0.82460111
0862.813	0.82420152
0862.887	0.82392156
0862.962	0.82462847
0863.036	0.82418376
0863.111	0.82474601
0863.185	0.82430089
0863.260	0.82400012
0863.334	0.82480520
0863.409	0.82436317
0863.483	0.82478321
0863.558	0.82189232
0863.632	0.82490718
0863.707	0.82495493
0863.782	0.82431650
0863.856	0.82499284
0863.931	0.82479489
0864.006	0.82508862
0864.080	0.82511592
0864.155	0.82491899
0864.230	0.82516706
0864.304	0.82510203
0864.379	0.82522619
0864.454	0.82525456
0864.528	0.82528162
0864.603	0.82530850
0864.678	0.82533520
0864.753	0.82536167
0864.827	0.82538694
0864.902	0.82522434
0864.977	0.82543063
0865.052	0.82546687
0865.127	0.82549083
0865.202	0.82527077
0865.276	0.82553697
0865.351	0.82521003
0865.426	0.82558650
0865.501	0.82562250
0865.576	0.82564670
0865.651	0.82530642
0865.726	0.82567847
0865.801	0.82525986
0865.876	0.82572842
0865.951	0.82577634
0866.026	0.82580191
0866.101	0.82580656
0866.176	0.82541925
0866.251	0.82585067
0866.326	0.82539177
0866.401	0.82592690
0866.476	0.82595497
0866.551	0.82597810
0866.626	0.82556742
0866.701	0.82600558
0866.776	0.82555258
0866.852	0.82606024
0866.927	0.82610559
0867.002	0.82613146
0867.077	0.82615364
0867.152	0.82577783
0867.227	0.82619143
0867.303	0.82578051
0867.378	0.82624799
0867.453	0.82628125
0867.528	0.82630664
0867.604	0.82632953
0867.679	0.82602942
0867.754	0.82635862
0867.830	0.82578653
0867.905	0.82641429
0867.980	0.82645416
0868.056	0.82648033
0868.131	0.82650471
0868.206	0.82651824
0868.282	0.82630718
0868.357	0.82656515
0868.432	0.82633770
0868.508	0.82662684
0868.583	0.82665277
0868.659	0.82667732
0868.734	0.82670069
0868.810	0.82655060
0868.885	0.82674307
0868.961	0.82658499
0869.036	0.82679576
0869.112	0.82682312
0869.187	0.82684773
0869.263	0.82687175
0869.338	0.82689470
0869.414	0.82680380
0869.490	0.82694024
0869.565	0.82684517
0869.641	0.82699102
0869.716	0.82701606
0869.792	0.82704026
0869.868	0.82706404
0869.943	0.82708746
0870.019	0.82704109
0870.095	0.82713324
0870.171	0.82708472
0870.246	0.82718253
0870.322	0.82720715
0870.398	0.82723099
0870.474	0.82725459
0870.549	0.82727790
0870.625	0.82726175
0870.701	0.82732248
0870.777	0.82730466
0870.853	0.82736379
0870.928	0.82736188
0871.004	0.82525218
0871.080	0.82733738
0871.156	0.82745630
0871.232	0.82748896
0871.308	0.82751548
0871.384	0.82754052
0871.460	0.82756495
0871.536	0.82758933
0871.612	0.82761365
0871.688	0.82763785
0871.764	0.82766199
0871.840	0.82768613
0871.916	0.82771009
0871.992	0.82773411
0872.068	0.82775807
0872.144	0.82778203
0872.220	0.82780594
0872.296	0.82782978
0872.372	0.82785368
0872.448	0.82787752
0872.524	0.82790136
0872.600	0.82792521
0872.676	0.82794893
0872.753	0.82797259
0872.829	0.82799625
0872.905	0.82801992
0872.981	0.82804358
0873.057	0.82806700
0873.134	0.82809049
0873.210	0.82811391
0873.286	0.82813740
0873.362	0.82816076
0873.439	0.82818413
0873.515	0.82820749
0873.591	0.82823074
0873.668	0.82825410
0873.744	0.82827747
0873.820	0.82830077
0873.897	0.82832396
0873.973	0.82834721
0874.049	0.82837039
0874.126	0.82839364
0874.202	0.82841671
0874.279	0.82843971
0874.355	0.82846272
0874.432	0.82848567
0874.508	0.82850850
0874.585	0.82853109
0874.661	0.82855338
0874.738	0.82857531
0874.814	0.82859623
0874.891	0.82861459
0874.967	0.82862216
0875.044	0.82848036
0875.120	0.82501620
0875.197	0.82865226
0875.274	0.82872081
0875.350	0.82875174
0875.427	0.82877702
0875.503	0.82880056
0875.580	0.82882309
0875.657	0.82884479
0875.733	0.82886541
0875.810	0.82888395
0875.887	0.82889712
0875.964	0.82888818
0876.040	0.82841998
0876.117	0.82342213
0876.194	0.82890195
0876.271	0.82894284
0876.347	0.82600242
0876.424	0.82891184
0876.501	0.82906955
0876.578	0.82910627
0876.655	0.82913315
0876.732	0.82915741
0876.808	0.82918048
0876.885	0.82920259
0876.962	0.82922339
0877.039	0.82924163
0877.116	0.82924891
0877.193	0.82903129
0877.270	0.82602322
0877.347	0.82929486
0877.424	0.82934797
0877.501	0.82937598
0877.578	0.82939965
0877.655	0.82942164
0877.732	0.82944244
0877.809	0.82946187
0877.886	0.82947892
0877.963	0.82949030
0878.040	0.82947445
0878.117	0.82811356
0878.194	0.82890558
0878.272	0.81758648
0878.349	0.82730550
0878.426	0.82938796
0878.503	0.82664269
0878.580	0.82959563
0878.657	0.82953328
0878.735	0.82637000
0878.812	0.82545346
0878.889	0.82903111
0878.966	0.82528573
0879.044	0.82973689
0879.121	0.82981211
0879.198	0.82984662
0879.276	0.82987338
0879.353	0.82989746
0879.430	0.82992011
0879.507	0.82994205
0879.585	0.82996309
0879.662	0.82998359
0879.740	0.83000326
0879.817	0.83002180
0879.894	0.83003837
0879.972	0.83005035
0880.049	0.83004850
0880.127	0.82996756
0880.204	0.82087952
0880.282	0.82930326
0880.359	0.83005285
0880.437	0.83004701
0880.514	0.82945001
0880.592	0.81075555
0880.669	0.82977420
0880.747	0.82571673
0880.824	0.82984084
0880.902	0.83025193
0880.980	0.83029836
0881.057	0.83030969
0881.135	0.83008611
0881.213	0.82743055
0881.290	0.83020747
0881.368	0.82849866
0881.446	0.80902368
0881.523	0.83016181
0881.601	0.83041257
0881.679	0.83047879
0881.756	0.83051181
0881.834	0.83053046
0881.912	0.83053404
0881.990	0.83050019
0882.068	0.83006626
0882.145	0.81823075
0882.223	0.82777739
0882.301	0.80252075
0882.379	0.83014452
0882.457	0.82076901
0882.535	0.82972741
0882.613	0.83065850
0882.690	0.83074510
0882.768	0.83078575
0882.846	0.83081329
0882.924	0.83083379
0883.002	0.83084756
0883.080	0.83085001
0883.158	0.83082223
0883.236	0.83061451
0883.314	0.82474440
0883.392	0.80259109
0883.470	0.83057451
0883.548	0.83085573
0883.626	0.83087039
0883.704	0.83055657
0883.783	0.80964041
0883.861	0.82531333
0883.939	0.83048397
0884.017	0.83058387
0884.095	0.82159853
0884.173	0.83092093
0884.251	0.83112609
0884.330	0.83117992
0884.408	0.83121067
0884.486	0.83123213
0884.564	0.83124590
0884.643	0.83124542
0884.721	0.83119124
0884.799	0.83005685
0884.877	0.81724817
0884.956	0.83092314
0885.034	0.82798123
0885.112	0.83129454
0885.191	0.83132994
0885.269	0.83107549
0885.347	0.82819480
0885.426	0.82930475
0885.504	0.80830008
0885.583	0.83108401
0885.661	0.83130580
0885.740	0.83127606
0885.818	0.83103955
0885.897	0.82950670
0885.975	0.75782776
0886.054	0.82358617
0886.132	0.77300233
0886.211	0.82997167
0886.289	0.83121866
0886.368	0.83146679
0886.446	0.83156395
0886.525	0.83160555
0886.603	0.83160388
0886.682	0.83151811
0886.761	0.83098608
0886.839	0.79040760
0886.918	0.82713717
0886.997	0.83132386
0887.075	0.83118296
0887.154	0.81844699
0887.233	0.82994127
0887.311	0.83172339
0887.390	0.83172804
0887.469	0.82144874
0887.548	0.83167809
0887.626	0.83187604
0887.705	0.83188802
0887.784	0.83185816
0887.863	0.83175480
0887.942	0.83103073
0888.021	0.82438970
0888.099	0.82235998
0888.178	0.71753377
0888.257	0.82816046
0888.336	0.83094269
0888.415	0.82125050
0888.494	0.81049514
0888.573	0.83157343
0888.652	0.83196419
0888.731	0.83206761
0888.810	0.83208460
0888.889	0.82929981
0888.968	0.83181214
0889.047	0.83044493
0889.126	0.82981807
0889.205	0.83196419
0889.284	0.83220130
0889.363	0.83220434
0889.442	0.83216363
0889.521	0.83196759
0889.601	0.82243901
0889.680	0.81518495
0889.759	0.83094537
0889.838	0.82969362
0889.917	0.78937048
0889.996	0.83108526
0890.076	0.83105505
0890.155	0.80976224
0890.234	0.82955277
0890.313	0.77770275
0890.393	0.82932723
0890.472	0.83190268
0890.551	0.83210528
0890.631	0.83214569
0890.710	0.83212048
0890.789	0.83200699
0890.869	0.83149654
0890.948	0.80883634
0891.027	0.79752737
0891.107	0.83142024
0891.186	0.83179033
0891.266	0.83120787
0891.345	0.80041862
0891.424	0.83067256
0891.504	0.83177119
0891.583	0.83178777
0891.663	0.83163077
0891.742	0.83095485
0891.822	0.80001444
0891.902	0.82707727
0891.981	0.71777827
0892.061	0.82330012
0892.140	0.82733095
0892.220	0.77142417
0892.299	0.82678431
0892.379	0.83091885
0892.459	0.83120304
0892.538	0.83122396
0892.618	0.83114719
0892.698	0.83098173
0892.777	0.83063346
0892.857	0.82904595
0892.937	0.78195912
0893.017	0.82691628
0893.096	0.78927553
0893.176	0.61668003
0893.256	0.64796472
0893.336	0.81184870
0893.416	0.80898106
0893.495	0.80941600
0893.575	0.81755948
0893.655	0.54925334
0893.735	0.81826526
0893.815	0.78636181
0893.895	0.82604074
0893.975	0.82799667
0894.055	0.82745075
0894.134	0.82495737
0894.214	0.79126108
0894.294	0.49226794
0894.374	0.78054172
0894.454	0.65652859
0894.534	0.80532938
0894.614	0.81805360
0894.694	0.76382649
0894.774	0.81792903
0894.855	0.56916022
0894.935	0.52612895
0895.015	0.80722135
0895.095	0.65552676
0895.175	0.70483190
0895.255	0.81362230
0895.335	0.72365314
0895.415	0.57941806
0895.496	0.55941212
0895.576	0.78920996
0895.656	0.44026205
0895.736	0.37451109
0895.817	0.76900989
0895.897	0.77455187
0895.977	0.76090306
0896.057	0.52286494
0896.138	0.76821578
0896.218	0.81263983
0896.298	0.78494835
0896.379	0.75921148
0896.459	0.33318177
0896.539	0.43167114
0896.620	0.45751765
0896.700	0.74998814
0896.781	0.32434195
0896.861	0.42525187
0896.941	0.71610373
0897.022	0.79976219
0897.102	0.79288793
0897.183	0.67778051
0897.263	0.78020376
0897.344	0.43830800
0897.424	0.21858414
0897.505	0.45781532
0897.586	0.71587527
0897.666	0.46775991
0897.747	0.45420921
0897.827	0.76755434
0897.908	0.56110513
0897.988	0.80158931
0898.069	0.80149299
0898.150	0.78364110
0898.230	0.63981795
0898.311	0.15276209
0898.392	0.61600053
0898.473	0.78690219
0898.553	0.79891092
0898.634	0.79456758
0898.715	0.75725949
0898.796	0.75111592
0898.876	0.31705859
0898.957	0.25797936
0899.038	0.15792029
0899.119	0.35290617
0899.200	0.43076873
0899.281	0.50928038
0899.361	0.20151268
0899.442	0.11753236
0899.523	0.56405610
0899.604	0.72564709
0899.685	0.79121119
0899.766	0.78246045
0899.847	0.80150372
0899.928	0.80148017
0900.009	0.78722030
0900.090	0.77484322
0900.171	0.68423170
0900.252	0.17418164
0900.333	0.23597257
0900.414	0.72866654
0900.495	0.74443287
0900.576	0.32690161
0900.657	0.25485587
0900.739	0.75007039
0900.820	0.73166019
0900.901	0.53178304
0900.982	0.23075522
0901.063	0.47630781
0901.144	0.56682247
0901.226	0.77740407
0901.307	0.74423420
0901.388	0.33124670
0901.469	0.32859007
0901.551	0.75053853
0901.632	0.71367860
0901.713	0.77646011
0901.795	0.71649885
0901.876	0.17305422
0901.957	0.14380585
0902.039	0.56850928
0902.120	0.75466979
0902.201	0.78927052
0902.283	0.76050311
0902.364	0.75743902
0902.446	0.59795964
0902.527	0.22541356
0902.609	0.72113824
0902.690	0.71837127
0902.772	0.48329547
0902.853	0.17231664
0902.935	0.69386643
0903.016	0.78446859
0903.098	0.77469349
0903.179	0.58617634
0903.261	0.74229103
0903.342	0.68865591
0903.424	0.41013053
0903.506	0.76544762
0903.587	0.81137156
0903.669	0.80800980
0903.751	0.69697523
0903.832	0.81652433
0903.914	0.82070118
0903.996	0.82085389
0904.077	0.81365722
0904.159	0.79023981
0904.241	0.56634033
0904.323	0.70292842
0904.404	0.77925259
0904.486	0.56874883
0904.568	0.43050584
0904.650	0.80197304
0904.732	0.81684887
0904.814	0.81918663
0904.895	0.81667876
0904.977	0.63570791
0905.059	0.80051178
0905.141	0.71848142
0905.223	0.81456697
0905.305	0.79586214
0905.387	0.66319728
0905.469	0.73877323
0905.551	0.28936851
0905.633	0.77160174
0905.715	0.80278164
0905.797	0.81678104
0905.879	0.81512213
0905.961	0.79035765
0906.043	0.79564404
0906.125	0.81032360
0906.208	0.77873665
0906.290	0.35996383
0906.372	0.72920120
0906.454	0.60985535
0906.536	0.45692021
0906.618	0.43505645
0906.700	0.74490315
0906.783	0.74849761
0906.865	0.77815402
0906.947	0.78104913
0907.029	0.68756568
0907.112	0.38271198
0907.194	0.13116224
0907.276	0.65013945
0907.359	0.64770293
0907.441	0.15032461
0907.523	0.55364895
0907.606	0.69286561
0907.688	0.32119441
0907.771	0.76701200
0907.853	0.79444683
0907.935	0.80323625
0908.018	0.79638726
0908.100	0.72089189
0908.183	0.26794869
0908.265	0.26072511
0908.348	0.29415303
0908.430	0.58010024
0908.513	0.77998173
0908.595	0.76922274
0908.678	0.79882503
0908.760	0.65881795
0908.843	0.65274304
0908.926	0.15305291
0909.008	0.54877532
0909.091	0.76879108
0909.174	0.75224137
0909.256	0.41372448
0909.339	0.76997757
0909.422	0.75707769
0909.504	0.39508232
0909.587	0.54357117
0909.670	0.42389297
0909.753	0.43499565
0909.835	0.74165076
0909.918	0.80024505
0910.001	0.75087053
0910.084	0.45146519
0910.167	0.56324255
0910.249	0.18835807
0910.332	0.34827432
0910.415	0.70787019
0910.498	0.79640841
0910.581	0.79257905
0910.664	0.77240533
0910.747	0.29431367
0910.830	0.39461306
0910.913	0.38650656
0910.996	0.24479263
0911.079	0.30984214
0911.162	0.75481504
0911.245	0.79450297
0911.328	0.73622990
0911.411	0.78756648
0911.494	0.80175900
0911.577	0.71390367
0911.660	0.76011449
0911.743	0.78339058
0911.826	0.60794932
0911.910	0.60360247
0911.993	0.48315850
0912.076	0.25860891
0912.159	0.18674247
0912.242	0.69107842
0912.326	0.72934979
0912.409	0.80377996
0912.492	0.80735385
0912.575	0.79771405
0912.659	0.50605506
0912.742	0.62856138
0912.825	0.78514796
0912.909	0.73988211
0912.992	0.50190282
0913.075	0.28151861
0913.159	0.54835117
0913.242	0.28339317
0913.325	0.18175402
0913.409	0.64898682
0913.492	0.48479590
0913.576	0.75683701
0913.659	0.45428607
0913.743	0.36956257
0913.826	0.27509433
0913.910	0.14617486
0913.993	0.36724189
0914.077	0.75941741
0914.160	0.78944224
0914.244	0.72577482
0914.328	0.54283112
0914.411	0.77844870
0914.495	0.68206233
0914.578	0.60669810
0914.662	0.51583505
0914.746	0.65247363
0914.829	0.66079599
0914.913	0.73205125
0914.997	0.77290177
0915.081	0.64621413
0915.164	0.73964351
0915.248	0.44164953
0915.332	0.56199151
0915.416	0.39940295
0915.499	0.18005748
0915.583	0.26317564
0915.667	0.65192348
0915.751	0.20387341
0915.835	0.06308377
0915.919	0.48652524
0916.003	0.74692667
0916.086	0.75571704
0916.170	0.77211416
0916.254	0.44591907
0916.338	0.47142255
0916.422	0.78379476
0916.506	0.57490987
0916.590	0.76272011
0916.674	0.52498597
0916.758	0.80699670
0916.842	0.81215733
0916.926	0.78271908
0917.011	0.43082538
0917.095	0.59247792
0917.179	0.57469904
0917.263	0.78958511
0917.347	0.67221701
0917.431	0.62465304
0917.515	0.30946594
0917.600	0.51182592
0917.684	0.11178567
0917.768	0.26752245
0917.852	0.64497030
0917.937	0.24596095
0918.021	0.74006200
0918.105	0.56802368
0918.189	0.73808074
0918.274	0.78018379
0918.358	0.48759976
0918.442	0.70676041
0918.527	0.77178514
0918.611	0.57960653
0918.695	0.33103135
0918.780	0.42919001
0918.864	0.69856042
0918.949	0.71849400
0919.033	0.77908069
0919.118	0.81188309
0919.202	0.81417906
0919.287	0.65966749
0919.371	0.70731580
0919.456	0.74337709
0919.540	0.50578058
0919.625	0.80275726
0919.709	0.74955732
0919.794	0.15879644
0919.879	0.44418159
0919.963	0.79428661
0920.048	0.81186843
0920.133	0.70404398
0920.217	0.80614412
0920.302	0.79043543
0920.387	0.81419426
0920.471	0.82694209
0920.556	0.82955372
0920.641	0.81153226
0920.726	0.76903522
0920.810	0.59358972
0920.895	0.64833379
0920.980	0.76915872
0921.065	0.59567821
0921.150	0.61250222
0921.234	0.79006833
0921.319	0.78590822
0921.404	0.82103032
0921.489	0.77049726
0921.574	0.57025093
0921.659	0.69479901
0921.744	0.46104649
0921.829	0.70579058
0921.914	0.50250018
0921.999	0.28695247
0922.084	0.80060029
0922.169	0.80367285
0922.254	0.78022927
0922.339	0.82033253
0922.424	0.63450688
0922.509	0.79424548
0922.594	0.82114482
0922.679	0.79479527
0922.765	0.48311880
0922.850	0.81353492
0922.935	0.82646203
0923.020	0.81284678
0923.105	0.69836748
0923.191	0.66359848
0923.276	0.65119195
0923.361	0.69658458
0923.446	0.80617899
0923.532	0.58068472
0923.617	0.81117058
0923.702	0.56438816
0923.788	0.58952135
0923.873	0.77068824
0923.958	0.71577376
0924.044	0.53984839
0924.129	0.45827255
0924.214	0.71235377
0924.300	0.63165218
0924.385	0.81443161
0924.471	0.76565140
0924.556	0.55143332
0924.642	0.74577016
0924.727	0.43533197
0924.813	0.69479972
0924.898	0.44621131
0924.984	0.79636598
0925.069	0.81868702
0925.155	0.77467841
0925.241	0.65577650
0925.326	0.47182366
0925.412	0.71245342
0925.497	0.70500422
0925.583	0.72808456
0925.669	0.62589419
0925.754	0.71173996
0925.840	0.81287307
0925.926	0.71982694
0926.012	0.81308371
0926.097	0.75185794
0926.183	0.58894396
0926.269	0.49213248
0926.355	0.55304068
0926.441	0.47084087
0926.526	0.66804516
0926.612	0.75903690
0926.698	0.81585342
0926.784	0.79264152
0926.870	0.64365679
0926.956	0.77028888
0927.042	0.81467521
0927.128	0.65098000
0927.214	0.68573225
0927.300	0.68096298
0927.386	0.77062207
0927.472	0.65779459
0927.558	0.35661390
0927.644	0.70030427
0927.730	0.60950398
0927.816	0.67858899
0927.902	0.54765105
0927.988	0.47560659
0928.074	0.56642348
0928.160	0.19214796
0928.247	0.20353098
0928.333	0.59992123
0928.419	0.62468332
0928.505	0.52970886
0928.591	0.73851901
0928.678	0.43508533
0928.764	0.23035409
0928.850	0.41649759
0928.936	0.25838518
0929.023	0.54697376
0929.109	0.32150847
0929.195	0.48049337
0929.282	0.64584482
0929.368	0.31301478
0929.454	0.68004942
0929.541	0.33313572
0929.627	0.53058553
0929.714	0.11256628
0929.800	0.27745605
0929.887	0.56422591
0929.973	0.29315984
0930.060	0.10821670
0930.146	0.50949264
0930.233	0.55183518
0930.319	0.03916753
0930.406	0.26853999
0930.492	0.54469538
0930.579	0.47733688
0930.665	0.21334007
0930.752	0.32093871
0930.839	0.61468017
0930.925	0.49477753
0931.012	0.06752680
0931.099	0.09051167
0931.185	0.01108473
0931.272	0.30510148
0931.359	0.54246414
0931.446	0.29515222
0931.532	0.51845133
0931.619	0.41163740
0931.706	0.37379336
0931.793	0.07966340
0931.880	0.00695312
0931.966	0.00498774
0932.053	0.29131138
0932.140	0.04091815
0932.227	0.31441000
0932.314	0.10821491
0932.401	0.42055911
0932.488	0.11911191
0932.575	0.07508937
0932.662	0.07674581
0932.749	0.00973859
0932.836	0.03497253
0932.923	0.36161688
0933.010	0.05316756
0933.097	0.22564788
0933.184	0.51796532
0933.271	0.22362535
0933.358	0.26172960
0933.445	0.15005934
0933.532	0.19250572
0933.620	0.00417883
0933.707	0.00628924
0933.794	0.09071273
0933.881	0.07843261
0933.968	0.09418169
0934.056	0.05450491
0934.143	0.05950024
0934.230	0.03292838
0934.317	0.27454358
0934.405	0.15825957
0934.492	0.00060096
0934.579	0.00172513
0934.667	0.00062984
0934.754	0.00855802
0934.842	0.00315974
0934.929	0.08961838
0935.016	0.33673078
0935.104	0.32420811
0935.191	0.48678717
0935.279	0.15809333
0935.366	0.45220131
0935.454	0.35381866
0935.541	0.02966870
0935.629	0.00316351
0935.716	0.00353946
0935.804	0.10367224
0935.891	0.19277938
0935.979	0.01501358
0936.067	0.00036536
0936.154	0.00236872
0936.242	0.22242366
0936.330	0.30353734
0936.417	0.18249491
0936.505	0.44270119
0936.593	0.23668504
0936.680	0.23426981
0936.768	0.02373431
0936.856	0.03966078
0936.944	0.08363494
0937.032	0.22607958
0937.119	0.15256540
0937.207	0.00365907
0937.295	0.03589398
0937.383	0.00008607
0937.471	0.03349758
0937.559	0.19448088
0937.647	0.38487515
0937.734	0.38942105
0937.822	0.18204258
0937.910	0.20459184
0937.998	0.00875123
0938.086	0.05184863
0938.174	0.12431569
0938.262	0.05619330
0938.350	0.00051267
0938.438	0.01647709
0938.527	0.29907221
0938.615	0.20368803
0938.703	0.48989096
0938.791	0.44613168
0938.879	0.06674969
0938.967	0.00183185
0939.055	0.13381581
0939.143	0.56184602
0939.232	0.62909669
0939.320	0.52776390
0939.408	0.25712758
0939.496	0.51142263
0939.585	0.66527134
0939.673	0.36307308
0939.761	0.63360929
0939.850	0.45922756
0939.938	0.53443033
0940.026	0.61155617
0940.115	0.14789714
0940.203	0.25809935
0940.291	0.24074340
0940.380	0.24941711
0940.468	0.42800277
0940.557	0.31847796
0940.645	0.27777293
0940.734	0.35143998
0940.822	0.47516298
0940.911	0.25362614
0940.999	0.53489780
0941.088	0.51747859
0941.176	0.16874477
0941.265	0.03851940
0941.354	0.13253957
0941.442	0.35478070
0941.531	0.47519934
0941.620	0.21651125
0941.708	0.58443075
0941.797	0.60202515
0941.886	0.50363880
0941.974	0.16922660
0942.063	0.03153361
0942.152	0.47782207
0942.241	0.51006418
0942.329	0.31654057
0942.418	0.12457848
0942.507	0.37402385
0942.596	0.56344140
0942.685	0.49689302
0942.774	0.31203431
0942.863	0.09756297
0942.951	0.00007597
0943.040	0.00235460
0943.129	0.04950049
0943.218	0.21721181
0943.307	0.02190795
0943.396	0.26945788
0943.485	0.49361554
0943.574	0.55745959
0943.663	0.60387975
0943.752	0.54267395
0943.841	0.52025723
0943.931	0.26809585
0944.020	0.00658271
0944.109	0.03503165
0944.198	0.07111079
0944.287	0.00007004
0944.376	0.00005312
0944.465	0.03876915
0944.555	0.03136242
0944.644	0.13484557
0944.733	0.21311504
0944.822	0.16741554
0944.912	0.32525176
0945.001	0.61159146
0945.090	0.58497262
0945.180	0.25038618
0945.269	0.13777901
0945.358	0.52252948
0945.448	0.54343235
0945.537	0.43089378
0945.626	0.11357504
0945.716	0.02981548
0945.805	0.08048850
0945.895	0.00560625
0945.984	0.21742380
0946.074	0.42345899
0946.163	0.23687670
0946.253	0.00228647
0946.342	0.00497654
0946.432	0.02968534
0946.522	0.41131252
0946.611	0.53794789
0946.701	0.23247892
0946.790	0.17516965
0946.880	0.51612574
0946.970	0.35419941
0947.059	0.18070243
0947.149	0.07359795
0947.239	0.10288268
0947.329	0.21109882
0947.418	0.59455329
0947.508	0.53274524
0947.598	0.44545376
0947.688	0.04646767
0947.777	0.06663144
0947.867	0.16588458
0947.957	0.33061585
0948.047	0.60230643
0948.137	0.42920741
0948.227	0.07373012
0948.317	0.00656045
0948.407	0.00083411
0948.497	0.02655458
0948.587	0.38798317
0948.677	0.56888974
0948.767	0.37948522
0948.857	0.35405761
0948.947	0.26138026
0949.037	0.39075065
0949.127	0.67793369
0949.217	0.45668533
0949.307	0.63420200
0949.397	0.41786945
0949.487	0.46639711
0949.577	0.05444782
0949.668	0.00093965
0949.758	0.07409903
0949.848	0.27148983
0949.938	0.12645827
0950.028	0.04165020
0950.119	0.23088680
0950.209	0.07122856
0950.299	0.01863801
0950.390	0.00142887
0950.480	0.12296163
0950.570	0.34809244
0950.661	0.37836578
0950.751	0.46237400
0950.841	0.09153358
0950.932	0.56698245
0951.022	0.47203287
0951.113	0.46378702
0951.203	0.60660619
0951.294	0.28610763
0951.384	0.54146326
0951.475	0.63306397
0951.565	0.36259347
0951.656	0.21422845
0951.746	0.35075614
0951.837	0.39000106
0951.928	0.00957559
0952.018	0.03511992
0952.109	0.32867354
0952.200	0.04720346
0952.290	0.21226273
0952.381	0.26402879
0952.472	0.00176407
0952.562	0.13128936
0952.653	0.28552368
0952.744	0.15542081
0952.835	0.36093628
0952.926	0.44498187
0953.016	0.18835221
0953.107	0.04733254
0953.198	0.18004723
0953.289	0.62281477
0953.380	0.48089504
0953.471	0.36132404
0953.562	0.42892817
0953.653	0.61610615
0953.743	0.42966545
0953.834	0.03148909
0953.925	0.24972326
0954.016	0.58688509
0954.107	0.23418894
0954.198	0.63969457
0954.290	0.42206895
0954.381	0.11937380
0954.472	0.43313113
0954.563	0.17176504
0954.654	0.00026096
0954.745	0.12476186
0954.836	0.19829339
0954.927	0.29146409
0955.019	0.57069993
0955.110	0.23036480
0955.201	0.56505978
0955.292	0.34701985
0955.384	0.39601612
0955.475	0.52498281
0955.566	0.07715519
0955.657	0.04925893
0955.749	0.16661565
0955.840	0.13492137
0955.932	0.11902285
0956.023	0.05755579
0956.114	0.24143615
0956.206	0.64443314
0956.297	0.72443783
0956.389	0.69382346
0956.480	0.28212205
0956.572	0.21508370
0956.663	0.15543769
0956.755	0.06804769
0956.846	0.12902030
0956.938	0.00599392
0957.029	0.37287506
0957.121	0.12162104
0957.213	0.47549799
0957.304	0.31106269
0957.396	0.12307463
0957.488	0.63349432
0957.579	0.50783116
0957.671	0.66394037
0957.763	0.72267228
0957.854	0.48448911
0957.946	0.39303172
0958.038	0.67684591
0958.130	0.62161052
0958.222	0.09054408
0958.313	0.03364062
0958.405	0.03522464
0958.497	0.47924978
0958.589	0.57629406
0958.681	0.67603290
0958.773	0.55350959
0958.865	0.33350414
0958.957	0.36419964
0959.049	0.44856513
0959.141	0.02814587
0959.233	0.05294776
0959.325	0.10013495
0959.417	0.10028809
0959.509	0.14649227
0959.601	0.52102339
0959.693	0.13645464
0959.785	0.38191530
0959.877	0.37318823
0959.969	0.48609748
0960.061	0.14188617
0960.154	0.20683984
0960.246	0.54095668
0960.338	0.30736011
0960.430	0.70153058
0960.523	0.73991245
0960.615	0.46583253
0960.707	0.21585773
0960.799	0.10782994
0960.892	0.21255688
0960.984	0.63603997
0961.076	0.22210047
0961.169	0.59773964
0961.261	0.29292867
0961.354	0.52658838
0961.446	0.74187177
0961.538	0.70533538
0961.631	0.44954860
0961.723	0.16798736
0961.816	0.25022152
0961.908	0.70796454
0962.001	0.67863739
0962.094	0.20749706
0962.186	0.64247942
0962.279	0.25637552
0962.371	0.10043267
0962.464	0.33169913
0962.557	0.15147564
0962.649	0.64798367
0962.742	0.35662320
0962.835	0.19393378
0962.927	0.24767260
0963.020	0.68962914
0963.113	0.30574465
0963.206	0.67784095
0963.298	0.60635501
0963.391	0.75252599
0963.484	0.78630900
0963.577	0.63949102
0963.670	0.76326042
0963.763	0.53966928
0963.855	0.11231888
0963.948	0.11462329
0964.041	0.08770996
0964.134	0.50812811
0964.227	0.63698709
0964.320	0.11189134
0964.413	0.63923854
0964.506	0.66238248
0964.599	0.34079477
0964.692	0.58927673
0964.785	0.03970422
0964.878	0.17898902
0964.972	0.60884631
0965.065	0.63905770
0965.158	0.52825403
0965.251	0.66975743
0965.344	0.65671980
0965.437	0.52138489
0965.531	0.38610357
0965.624	0.65643162
0965.717	0.34629545
0965.810	0.63796908
0965.904	0.57769454
0965.997	0.37769669
0966.090	0.76320136
0966.184	0.71192080
0966.277	0.42941844
0966.370	0.28033742
0966.464	0.15275329
0966.557	0.28548056
0966.651	0.53052992
0966.744	0.29229608
0966.837	0.69908059
0966.931	0.30502105
0967.024	0.49651718
0967.118	0.64642853
0967.212	0.61818707
0967.305	0.13065486
0967.399	0.65958136
0967.492	0.80036122
0967.586	0.80999643
0967.680	0.81581515
0967.773	0.80452907
0967.867	0.80599892
0967.961	0.81809127
0968.054	0.81335753
0968.148	0.79027838
0968.242	0.48485005
0968.335	0.13957609
0968.429	0.50514215
0968.523	0.66149372
0968.617	0.79828745
0968.711	0.73726189
0968.804	0.75702697
0968.898	0.58685619
0968.992	0.81941330
0969.086	0.62979084
0969.180	0.76425058
0969.274	0.74777073
0969.368	0.80346394
0969.462	0.41094726
0969.556	0.79169112
0969.650	0.77554917
0969.744	0.48483667
0969.838	0.79008472
0969.932	0.82390672
0970.026	0.77938408
0970.120	0.55722994
0970.214	0.73038852
0970.309	0.48941395
0970.403	0.24471734
0970.497	0.71746123
0970.591	0.81983054
0970.685	0.83119446
0970.780	0.71995348
0970.874	0.82805532
0970.968	0.83355570
0971.062	0.79471993
0971.157	0.42323712
0971.251	0.79825342
0971.345	0.79524577
0971.440	0.77926475
0971.534	0.73992407
0971.628	0.81126660
0971.723	0.65234041
0971.817	0.24019097
0971.912	0.74258399
0972.006	0.80086553
0972.101	0.83128381
0972.195	0.79110295
0972.290	0.80542660
0972.384	0.78920346
0972.479	0.77560771
0972.573	0.34600726
0972.668	0.63410830
0972.763	0.39092308
0972.857	0.76664764
0972.952	0.69483119
0973.047	0.61608028
0973.141	0.70860064
0973.236	0.79415154
0973.331	0.38222155
0973.426	0.74768084
0973.520	0.81848669
0973.615	0.77554375
0973.710	0.53328574
0973.805	0.32949197
0973.899	0.22453403
0973.994	0.42473423
0974.089	0.54350692
0974.184	0.74904883
0974.279	0.81489271
0974.374	0.77444434
0974.469	0.67138666
0974.564	0.52435321
0974.659	0.25677267
0974.754	0.66242433
0974.849	0.79429770
0974.944	0.78971601
0975.039	0.74894035
0975.134	0.56654024
0975.229	0.21390931
0975.324	0.77293837
0975.419	0.80895704
0975.515	0.71071428
0975.610	0.35483190
0975.705	0.64640987
0975.800	0.64449501
0975.895	0.57361561
0975.991	0.25097650
0976.086	0.45751038
0976.181	0.73002887
0976.276	0.81225246
0976.372	0.74027300
0976.467	0.50296932
0976.562	0.19315466
0976.658	0.58023977
0976.753	0.73227590
0976.849	0.50689405
0976.944	0.81977773
0977.040	0.82012457
0977.135	0.60337669
0977.231	0.82185972
0977.326	0.83781952
0977.422	0.82439327
0977.517	0.81473774
0977.613	0.52959394
0977.708	0.57527912
0977.804	0.78257883
0977.899	0.76478171
0977.995	0.50942320
0978.091	0.79711783
0978.186	0.38875443
0978.282	0.75966072
0978.378	0.77863079
0978.474	0.31068268
0978.569	0.53319627
0978.665	0.81016511
0978.761	0.81516540
0978.857	0.78828293
0978.953	0.56290162
0979.048	0.78241462
0979.144	0.77407455
0979.240	0.72485197
0979.336	0.42222041
0979.432	0.66203743
0979.528	0.60216826
0979.624	0.23867051
0979.720	0.78367227
0979.816	0.67090672
0979.912	0.83351856
0980.008	0.82282144
0980.104	0.79005826
0980.200	0.43492743
0980.296	0.75392163
0980.392	0.37184805
0980.488	0.62706494
0980.584	0.54322881
0980.681	0.81826317
0980.777	0.79716271
0980.873	0.80194950
0980.969	0.84243476
0981.065	0.81320643
0981.162	0.75510603
0981.258	0.80010670
0981.354	0.84155065
0981.451	0.74058729
0981.547	0.80215019
0981.643	0.61764330
0981.740	0.82611388
0981.836	0.63218832
0981.932	0.74581462
0982.029	0.64712811
0982.125	0.80201077
0982.222	0.84409547
0982.318	0.84027457
0982.415	0.54979634
0982.511	0.79516560
0982.608	0.71960372
0982.704	0.61664063
0982.801	0.46033996
0982.898	0.62223583
0982.994	0.80591244
0983.091	0.84453285
0983.187	0.80911040
0983.284	0.83734143
0983.381	0.70901883
0983.478	0.52018571
0983.574	0.83430123
0983.671	0.84472424
0983.768	0.84243649
0983.865	0.74633038
0983.961	0.84348345
0984.058	0.83185852
0984.155	0.80517006
0984.252	0.77756029
0984.349	0.84309703
0984.446	0.83697963
0984.543	0.63499284
0984.640	0.65466952
0984.737	0.78513569
0984.834	0.79683644
0984.931	0.81150633
0985.028	0.74545181
0985.125	0.58512759
0985.222	0.68485075
0985.319	0.76056957
0985.416	0.81901902
0985.513	0.84789062
0985.610	0.81515479
0985.707	0.83727080
0985.804	0.83615911
0985.902	0.81627548
0985.999	0.78224730
0986.096	0.85274881
0986.193	0.85377109
0986.291	0.84822059
0986.388	0.82650805
0986.485	0.85469264
0986.582	0.85482919
0986.680	0.84433413
0986.777	0.78317016
0986.875	0.84717256
0986.972	0.82797128
0987.069	0.78450823
0987.167	0.81040162
0987.264	0.71057230
0987.362	0.84048778
0987.459	0.85187870
0987.557	0.82635450
0987.654	0.60319549
0987.752	0.80519801
0987.849	0.85355371
0987.947	0.85238743
0988.045	0.79769856
0988.142	0.82590890
0988.240	0.85535812
0988.338	0.85500187
0988.435	0.85580689
0988.533	0.85617536
0988.631	0.85324001
0988.729	0.82961613
0988.826	0.84573227
0988.924	0.85564166
0989.022	0.85545182
0989.120	0.84391588
0989.218	0.84912777
0989.315	0.84761393
0989.413	0.83823043
0989.511	0.85497957
0989.609	0.83494335
0989.707	0.79533762
0989.805	0.85089809
0989.903	0.83746195
0990.001	0.81889063
0990.099	0.82751435
0990.197	0.74337596
0990.295	0.80102593
0990.393	0.81990498
0990.491	0.85612601
0990.589	0.85468966
0990.688	0.85614812
0990.786	0.83857620
0990.884	0.85497612
0990.982	0.85473204
0991.080	0.81234407
0991.179	0.85193926
0991.277	0.83450478
0991.375	0.85380369
0991.473	0.84618402
0991.572	0.85680521
0991.670	0.85044348
0991.768	0.84006250
0991.867	0.85324448
0991.965	0.85720026
0992.063	0.85731494
0992.162	0.84576273
0992.260	0.82972968
0992.359	0.84565830
0992.457	0.85720563
0992.556	0.85737830
0992.654	0.85521197
0992.753	0.85391390
0992.851	0.84546548
0992.950	0.67700481
0993.049	0.83745885
0993.147	0.80967635
0993.246	0.85133523
0993.345	0.84352309
0993.443	0.85702580
0993.542	0.85772860
0993.641	0.85692918
0993.739	0.83986062
0993.838	0.84827960
0993.937	0.85757118
0994.036	0.85807699
0994.135	0.85804081
0994.233	0.85153329
0994.332	0.85633945
0994.431	0.83710480
0994.530	0.85792255
0994.629	0.85745555
0994.728	0.85825199
0994.827	0.85756558
0994.926	0.85844195
0995.025	0.85845894
0995.124	0.85842639
0995.223	0.85802162
0995.322	0.84022790
0995.421	0.85707146
0995.520	0.85081041
0995.619	0.85810906
0995.718	0.85671365
0995.818	0.82735050
0995.917	0.85616702
0996.016	0.83776402
0996.115	0.85355222
0996.214	0.85857445
0996.314	0.85867679
0996.413	0.85734344
0996.512	0.85788077
0996.612	0.85880154
0996.711	0.85731333
0996.810	0.85355026
0996.910	0.85745579
0997.009	0.82718766
0997.108	0.85802710
0997.208	0.85280687
0997.307	0.85802490
0997.407	0.85893321
0997.506	0.85898280
0997.606	0.85887235
0997.705	0.84764576
0997.805	0.85778517
0997.904	0.85606885
0998.004	0.81878585
0998.104	0.85837263
0998.203	0.85901111
0998.303	0.85913861
0998.403	0.85916603
0998.502	0.85908782
0998.602	0.85808325
0998.702	0.83487701
0998.801	0.85863239
0998.901	0.85463297
0999.001	0.85883158
0999.101	0.85826737
0999.201	0.84646243
0999.300	0.85673535
0999.400	0.85876453
0999.500	0.85435039
0999.600	0.81468064
0999.700	0.85702509
0999.800	0.85865057
0999.900	0.85927659
1000.000	0.85866892
1000.100	0.84528875
1000.200	0.81826526
1000.300	0.85825413
1000.400	0.85918558
1000.500	0.85649246
1000.600	0.85958898
1000.700	0.85966498
1000.801	0.85969311
1000.901	0.85970324
1001.001	0.85969317
1001.101	0.85963702
1001.201	0.85929304
1001.302	0.84175974
1001.402	0.84185058
1001.502	0.84808505
1001.603	0.85884422
1001.703	0.85883725
1001.803	0.85037571
1001.904	0.78659129
1002.004	0.77694100
1002.104	0.80683899
1002.205	0.85414559
1002.305	0.85839689
1002.406	0.82593340
1002.506	0.83340985
1002.607	0.82766956
1002.707	0.85795689
1002.808	0.85906363
1002.908	0.85110426
1003.009	0.85995394
1003.110	0.86009008
1003.210	0.86014169
1003.311	0.86016327
1003.412	0.86003697
1003.512	0.85844862
1003.613	0.85842156
1003.714	0.85989821
1003.814	0.85966086
1003.915	0.85130876
1004.016	0.79756600
1004.117	0.85801983
1004.218	0.85983527
1004.319	0.85942417
1004.419	0.81959760
1004.520	0.85689735
1004.621	0.86012560
1004.722	0.86034352
1004.823	0.86029387
1004.924	0.85870916
1005.025	0.85296899
1005.126	0.84604710
1005.227	0.86023086
1005.328	0.86037201
1005.429	0.85900909
1005.530	0.85516125
1005.632	0.80833369
1005.733	0.85878581
1005.834	0.86036199
1005.935	0.86056161
1006.036	0.86043066
1006.137	0.84448731
1006.239	0.85903162
1006.340	0.86056155
1006.441	0.85860282
1006.543	0.86033410
1006.644	0.84296584
1006.745	0.85870647
1006.847	0.86068362
1006.948	0.86074036
1007.049	0.85570431
1007.151	0.85953116
1007.252	0.84053910
1007.354	0.86041290
1007.455	0.86076701
1007.557	0.85799164
1007.658	0.85029459
1007.760	0.85750222
1007.861	0.86045080
1007.963	0.85630399
1008.065	0.80371642
1008.166	0.85633320
1008.268	0.86037821
1008.369	0.86024427
1008.471	0.84367257
1008.573	0.85964125
1008.675	0.86091816
1008.776	0.86075157
1008.878	0.85927153
1008.980	0.80113763
1009.082	0.85766113
1009.184	0.85359520
1009.285	0.84789521
1009.387	0.82085311
1009.489	0.84707278
1009.591	0.79208398
1009.693	0.85598141
1009.795	0.83632189
1009.897	0.86030209
1009.999	0.84162134
1010.101	0.85864472
1010.203	0.85701424
1010.305	0.82662952
1010.407	0.86077577
1010.509	0.85618728
1010.611	0.86027133
1010.714	0.86130381
1010.816	0.84763122
1010.918	0.85979176
1011.020	0.85843962
1011.122	0.86145043
1011.225	0.84864396
1011.327	0.86048102
1011.429	0.85845667
1011.531	0.86132807
1011.634	0.86164862
1011.736	0.85980451
1011.839	0.84290302
1011.941	0.85476160
1012.043	0.86057299
1012.146	0.80880821
1012.248	0.85482901
1012.351	0.86145133
1012.453	0.86189061
1012.556	0.86201185
1012.658	0.86188829
1012.761	0.85589391
1012.863	0.86140364
1012.966	0.86210966
1013.069	0.86187053
1013.171	0.84412581
1013.274	0.85983294
1013.377	0.86215520
1013.479	0.86232299
1013.582	0.86238599
1013.685	0.86242294
1013.788	0.86244828
1013.890	0.86246443
1013.993	0.86246699
1014.096	0.86243767
1014.199	0.86227185
1014.302	0.85499537
1014.405	0.84686774
1014.507	0.85154653
1014.610	0.86202252
1014.713	0.85978907
1014.816	0.84591931
1014.919	0.86235917
1015.022	0.86260593
1015.125	0.86265600
1015.228	0.86264342
1015.332	0.86252290
1015.435	0.86182356
1015.538	0.81994617
1015.641	0.85681844
1015.744	0.86235076
1015.847	0.86264968
1015.950	0.86196381
1016.054	0.86289400
1016.157	0.86294222
1016.260	0.86297166
1016.364	0.86298937
1016.467	0.86299378
1016.570	0.86296713
1016.673	0.86279845
1016.777	0.85543352
1016.880	0.84858268
1016.984	0.85269928
1017.087	0.86276752
1017.191	0.86299914
1017.294	0.86291832
1017.398	0.86073983
1017.501	0.83681542
1017.605	0.86254972
1017.708	0.86310148
1017.812	0.86313450
1017.915	0.85936821
1018.019	0.86322033
1018.123	0.86333168
1018.226	0.86336082
1018.330	0.86337048
1018.434	0.86334509
1018.537	0.86303484
1018.641	0.85439062
1018.745	0.86311108
1018.849	0.86336076
1018.952	0.86335891
1019.056	0.86325955
1019.160	0.86290121
1019.264	0.86008942
1019.368	0.79519951
1019.472	0.82508337
1019.576	0.86232769
1019.680	0.86323678
1019.784	0.86347586
1019.888	0.86357933
1019.992	0.86363119
1020.096	0.86364639
1020.200	0.86358875
1020.304	0.86280775
1020.408	0.84982622
1020.512	0.85342544
1020.616	0.86341172
1020.721	0.86374688
1020.825	0.86378086
1020.929	0.86205196
1021.033	0.86379051
1021.138	0.86383253
1021.242	0.85893726
1021.346	0.86349052
1021.450	0.86375803
1021.555	0.86277914
1021.659	0.85237300
1021.764	0.83224511
1021.868	0.86316580
1021.972	0.86387020
1022.077	0.86401814
1022.181	0.86408108
1022.286	0.86411554
1022.390	0.86413407
1022.495	0.86413610
1022.599	0.86410868
1022.704	0.86399519
1022.809	0.86337489
1022.913	0.82207751
1023.018	0.85943663
1023.123	0.86380494
1023.227	0.86406374
1023.332	0.86404079
1023.437	0.86344308
1023.541	0.83862329
1023.646	0.86247474
1023.751	0.84397882
1023.856	0.81481248
1023.961	0.81522065
1024.065	0.85815185
1024.170	0.86300045
1024.275	0.86423457
1024.380	0.86441010
1024.485	0.86449796
1024.590	0.86455077
1024.695	0.86458015
1024.800	0.86455429
1024.905	0.86024255
1025.010	0.86418241
1025.115	0.86455947
1025.220	0.86334443
1025.326	0.85378736
1025.431	0.86452961
1025.536	0.86466759
1025.641	0.86449003
1025.746	0.85072303
1025.851	0.85936069
1025.957	0.86466354
1026.062	0.86479503
1026.167	0.86466867
1026.273	0.85199296
1026.378	0.85993594
1026.483	0.86483276
1026.589	0.86497843
1026.694	0.86502331
1026.799	0.86504555
1026.905	0.86504978
1027.010	0.86502200
1027.116	0.86488354
1027.221	0.86328715
1027.327	0.84031922
1027.432	0.86387038
1027.538	0.82798856
1027.644	0.85519975
1027.749	0.86433232
1027.855	0.86507934
1027.961	0.86435550
1028.066	0.86528754
1028.172	0.86533076
1028.278	0.86533934
1028.383	0.86529225
1028.489	0.86491567
1028.595	0.84040558
1028.701	0.86352742
1028.807	0.85909033
1028.912	0.86034822
1029.018	0.86542374
1029.124	0.86465275
1029.230	0.86550999
1029.336	0.86537975
1029.442	0.85637027
1029.548	0.86531180
1029.654	0.86564672
1029.760	0.86569411
1029.866	0.86568099
1029.972	0.86493391
1030.078	0.85803604
1030.184	0.86569279
1030.290	0.86581564
1030.397	0.86585557
1030.503	0.86587381
1030.609	0.86575276
1030.715	0.86432838
1030.822	0.86581558
1030.928	0.85871601
1031.034	0.86539066
1031.140	0.86594194
1031.247	0.86595285
1031.353	0.86572629
1031.460	0.84751934
1031.566	0.86513728
1031.672	0.86595535
1031.779	0.86358017
1031.885	0.86434317
1031.992	0.86615455
1032.098	0.86621469
1032.205	0.86624730
1032.311	0.86627376
1032.418	0.86629784
1032.524	0.86632061
1032.631	0.86634225
1032.738	0.86636293
1032.844	0.86638224
1032.951	0.86639923
1033.058	0.86641043
1033.165	0.86640221
1033.271	0.86625433
1033.378	0.85657555
1033.485	0.86608315
1033.592	0.86637151
1033.699	0.86337698
1033.805	0.86648560
1033.912	0.86657804
1034.019	0.86661190
1034.126	0.86663800
1034.233	0.86666149
1034.340	0.86668384
1034.447	0.86670572
1034.554	0.86672705
1034.661	0.86674827
1034.768	0.86676943
1034.875	0.86679047
1034.982	0.86681128
1035.089	0.86683190
1035.197	0.86685210
1035.304	0.86687160
1035.411	0.86688989
1035.518	0.86690503
1035.626	0.86689770
1035.733	0.86596507
1035.840	0.86676562
1035.947	0.86506355
1036.055	0.86228603
1036.162	0.86677545
1036.269	0.86702412
1036.377	0.86706376
1036.484	0.86693066
1036.592	0.86683100
1036.699	0.86683035
1036.807	0.86694825
1036.914	0.86673576
1037.022	0.86693376
1037.129	0.86694449
1037.237	0.86696470
1037.344	0.86699349
1037.452	0.86703324
1037.560	0.86708087
1037.667	0.86730409
1037.775	0.86716545
1037.883	0.86722708
1037.990	0.86730164
1038.098	0.86740106
1038.206	0.86742353
1038.314	0.86743546
1038.422	0.86733389
1038.529	0.86509305
1038.637	0.86645687
1038.745	0.86750025
1038.853	0.86739057
1038.961	0.86737716
1039.069	0.86757833
1039.177	0.86739028
1039.285	0.86762100
1039.393	0.86741143
1039.501	0.86766404
1039.609	0.86744434
1039.717	0.86770451
1039.825	0.86748910
1039.933	0.86774141
1040.042	0.86753905
1040.150	0.86778063
1040.258	0.86779910
1040.366	0.86760342
1040.474	0.86771202
1040.583	0.86627305
1040.691	0.86786765
1040.799	0.86773056
1040.908	0.86792088
1041.016	0.86794233
1041.124	0.86780161
1041.233	0.86657143
1041.341	0.86780900
1041.450	0.86802113
1041.558	0.86804825
1041.667	0.86796349
1041.775	0.86809194
1041.884	0.86802679
1041.992	0.86812943
1042.101	0.86815292
1042.210	0.86810338
1042.318	0.86819166
1042.427	0.86821258
1042.535	0.86817813
1042.644	0.86825240
1042.753	0.86827189
1042.862	0.86825079
1042.970	0.86831218
1043.079	0.86833107
1043.188	0.86832082
1043.297	0.86837143
1043.406	0.86839038
1043.515	0.86838800
1043.623	0.86843032
1043.732	0.86845005
1043.841	0.86846960
1043.950	0.86848891
1044.059	0.86850822
1044.168	0.86852747
1044.277	0.86854678
1044.386	0.86856604
1044.495	0.86858463
1044.605	0.86860323
1044.714	0.86862189
1044.823	0.86864048
1044.932	0.86865908
1045.041	0.86867708
1045.151	0.86869514
1045.260	0.86871314
1045.369	0.86873120
1045.478	0.86874920
1045.588	0.86876833
1045.697	0.86878741
1045.806	0.86880654
1045.916	0.86882561
1046.025	0.86884475
1046.135	0.86886585
1046.244	0.86888689
1046.353	0.86890799
1046.463	0.86892903
1046.572	0.86895013
1046.682	0.86897188
1046.792	0.86899358
1046.901	0.86901528
1047.011	0.86903697
1047.120	0.86905873
1047.230	0.86907947
1047.340	0.86910015
1047.449	0.86912090
1047.559	0.86914158
1047.669	0.86916232
1047.779	0.86918241
1047.889	0.86920261
1047.998	0.86922276
1048.108	0.86924291
1048.218	0.86926305
1048.328	0.86928308
1048.438	0.86930299
1048.548	0.86932284
1048.658	0.86934245
1048.768	0.86936140
1048.878	0.86937821
1048.988	0.86937964
1049.098	0.86849111
1049.208	0.86832064
1049.318	0.86839861
1049.428	0.86877161
1049.538	0.86874515
1049.648	0.86874545
1049.759	0.86876762
1049.869	0.86881328
1049.979	0.86888915
1050.089	0.86898071
1050.200	0.86910528
1050.310	0.86926019
1050.420	0.86963445
1050.531	0.86944860
1050.641	0.86962444
1050.751	0.86972034
1050.862	0.86973590
1050.972	0.86961031
1051.083	0.86948550
1051.193	0.86978441
1051.304	0.86938858
1051.414	0.86982268
1051.525	0.86932576
1051.635	0.86985081
1051.746	0.86929762
1051.857	0.86988819
1051.967	0.86928993
1052.078	0.86993259
1052.189	0.86930352
1052.299	0.86998457
1052.410	0.86933583
1052.521	0.87003100
1052.632	0.86939871
1052.742	0.87007022
1052.853	0.86949807
1052.964	0.87009400
1053.075	0.87011653
1053.186	0.86961287
1053.297	0.87017614
1053.408	0.86970365
1053.519	0.87021303
1053.630	0.87022310
1053.741	0.86984098
1053.852	0.87027800
1053.963	0.86993867
1054.074	0.87030905
1054.185	0.87033319
1054.296	0.87005419
1054.407	0.87037140
1054.519	0.87037069
1054.630	0.86923707
1054.741	0.87037474
1054.852	0.87025702
1054.964	0.87046164
1055.075	0.87048972
1055.186	0.87035930
1055.298	0.87045455
1055.409	0.87054485
1055.520	0.87044626
1055.632	0.87053925
1055.743	0.86930633
1055.855	0.87047756
1055.966	0.86980152
1056.078	0.87063968
1056.189	0.87055701
1056.301	0.87063694
1056.412	0.87072027
1056.524	0.87073898
1056.636	0.87071449
1056.747	0.87077963
1056.859	0.87079871
1056.971	0.87078291
1057.082	0.87063760
1057.194	0.87085176
1057.306	0.87083036
1057.418	0.86964279
1057.530	0.87088645
1057.642	0.87093031
1057.753	0.87093699
1057.865	0.87097067
1057.977	0.87095749
1058.089	0.86997050
1058.201	0.87102091
1058.313	0.87103766
1058.425	0.87090576
1058.537	0.86938262
1058.649	0.87108111
1058.761	0.87111235
1058.873	0.87103409
1058.985	0.86824149
1059.098	0.87072861
1059.210	0.87120390
1059.322	0.87123007
1059.434	0.87125331
1059.546	0.87127542
1059.659	0.87129694
1059.771	0.87131810
1059.883	0.87133849
1059.996	0.87135386
1060.108	0.87078142
1060.220	0.87139112
1060.333	0.87138027
1060.445	0.87012637
1060.558	0.87144274
1060.670	0.87148178
1060.783	0.87150407
1060.895	0.87151992
1061.008	0.87150472
1061.121	0.86896104
1061.233	0.87076575
1061.346	0.87159806
1061.458	0.87163067
1061.571	0.87165433
1061.684	0.87167507
1061.797	0.87169385
1061.909	0.87170988
1062.022	0.87171978
1062.135	0.87164843
1062.248	0.87156105
1062.361	0.85949481
1062.473	0.87076241
1062.586	0.87171626
1062.699	0.87119180
1062.812	0.86218798
1062.925	0.87130642
1063.038	0.86840379
1063.151	0.87179118
1063.264	0.87141985
1063.377	0.86949891
1063.490	0.87090093
1063.604	0.87133390
1063.717	0.87188053
1063.830	0.87123531
1063.943	0.87192488
1064.056	0.87117356
1064.169	0.87113267
1064.283	0.87207663
1064.396	0.87101132
1064.509	0.87194341
1064.623	0.86975169
1064.736	0.85798490
1064.849	0.87036389
1064.963	0.87180185
1065.076	0.85945565
1065.190	0.87035793
1065.303	0.86958897
1065.417	0.87059337
1065.530	0.87228757
1065.644	0.87123185
1065.757	0.87220454
1065.871	0.86683732
1065.984	0.87225783
1066.098	0.87231964
1066.212	0.87149936
1066.325	0.87243825
1066.439	0.87106180
1066.553	0.87245744
1066.667	0.87240517
1066.780	0.87249464
1066.894	0.87189090
1067.008	0.85395771
1067.122	0.87082940
1067.236	0.87240493
1067.350	0.87250525
1067.464	0.87164193
1067.578	0.84352350
1067.692	0.86943167
1067.806	0.86944401
1067.920	0.86995888
1068.034	0.86417359
1068.148	0.87243873
1068.262	0.87039763
1068.376	0.86963445
1068.490	0.86914235
1068.604	0.87246454
1068.719	0.85832310
1068.833	0.87195957
1068.947	0.87209535
1069.061	0.87243891
1069.176	0.87025851
1069.290	0.87128234
1069.404	0.85038173
1069.519	0.82776332
1069.633	0.87214154
1069.748	0.87223732
1069.862	0.85396773
1069.976	0.87089574
1070.091	0.87144250
1070.205	0.81866556
1070.320	0.86890435
1070.435	0.87243658
1070.549	0.87280440
1070.664	0.86879957
1070.778	0.87176830
1070.893	0.87294769
1071.008	0.87226969
1071.123	0.86619502
1071.237	0.87245458
1071.352	0.87291086
1071.467	0.86417550
1071.582	0.87156320
1071.697	0.86620516
1071.811	0.87117785
1071.926	0.84881246
1072.041	0.87085122
1072.156	0.85513908
1072.271	0.87154186
1072.386	0.82314754
1072.501	0.87005341
1072.616	0.82645249
1072.731	0.87214595
1072.846	0.87230253
1072.961	0.84337437
1073.076	0.87143141
1073.192	0.86596155
1073.307	0.87242079
1073.422	0.87322104
1073.537	0.87290466
1073.653	0.87328535
1073.768	0.87328935
1073.883	0.87327582
1073.998	0.87323326
1074.114	0.87304431
1074.229	0.86507553
1074.345	0.87254900
1074.460	0.86997086
1074.576	0.86411989
1074.691	0.73560482
1074.807	0.78017098
1074.922	0.83640128
1075.038	0.87216216
1075.153	0.87270164
1075.269	0.86939961
1075.384	0.87113327
1075.500	0.86566281
1075.616	0.87283701
1075.732	0.86763424
1075.847	0.87311596
1075.963	0.87336636
1076.079	0.87334722
1076.195	0.87305772
1076.310	0.86433369
1076.426	0.83908969
1076.542	0.87210113
1076.658	0.87315845
1076.774	0.87321299
1076.890	0.87309116
1077.006	0.87255991
1077.122	0.84400773
1077.238	0.86857098
1077.354	0.86713010
1077.470	0.64996272
1077.586	0.76141626
1077.702	0.86882997
1077.819	0.87196589
1077.935	0.87266630
1078.051	0.87236398
1078.167	0.83574957
1078.283	0.86831737
1078.400	0.84709555
1078.516	0.83790046
1078.632	0.87259829
1078.749	0.87321687
1078.865	0.87335378
1078.981	0.87339020
1079.098	0.87336773
1079.214	0.87195718
1079.331	0.87296104
1079.447	0.86934650
1079.564	0.83879238
1079.680	0.87148952
1079.797	0.82585806
1079.914	0.87059623
1080.030	0.86199832
1080.147	0.86293834
1080.264	0.65414357
1080.380	0.86669886
1080.497	0.87069112
1080.614	0.80079055
1080.731	0.86516309
1080.847	0.86864668
1080.964	0.82222933
1081.081	0.87116337
1081.198	0.86076677
1081.315	0.84814399
1081.432	0.68620396
1081.549	0.84153634
1081.666	0.87116957
1081.783	0.86998624
1081.900	0.81125700
1082.017	0.85002154
1082.134	0.86843896
1082.251	0.87270081
1082.368	0.87282115
1082.485	0.85665429
1082.603	0.87227166
1082.720	0.87297279
1082.837	0.87293774
1082.954	0.87277979
1083.072	0.87245584
1083.189	0.87171459
1083.306	0.86924332
1083.424	0.82654732
1083.541	0.63418812
1083.658	0.75028330
1083.776	0.85732925
1083.893	0.87023228
1084.011	0.85917145
1084.128	0.79132909
1084.246	0.86983818
1084.363	0.81495333
1084.481	0.86742049
1084.599	0.76783139
1084.716	0.86524510
1084.834	0.86866343
1084.952	0.86835271
1085.069	0.87157607
1085.187	0.82970542
1085.305	0.83300376
1085.423	0.83692604
1085.541	0.83935523
1085.658	0.86851430
1085.776	0.86945230
1085.894	0.86168915
1086.012	0.63506091
1086.130	0.81222773
1086.248	0.45023865
1086.366	0.79977244
1086.484	0.86377281
1086.602	0.80738473
1086.720	0.86188364
1086.838	0.87023395
1086.957	0.86791587
1087.075	0.72842127
1087.193	0.76943135
1087.311	0.86235267
1087.429	0.87034988
1087.548	0.87165207
1087.666	0.87007934
1087.784	0.78331614
1087.903	0.85298073
1088.021	0.87108868
1088.139	0.87028044
1088.258	0.87167966
1088.376	0.86879748
1088.495	0.76121604
1088.613	0.86656493
1088.732	0.87094349
1088.850	0.86942542
1088.969	0.83106267
1089.087	0.85306060
1089.206	0.65958548
1089.325	0.84050781
1089.443	0.82414460
1089.562	0.71311682
1089.681	0.86497939
1089.800	0.86769491
1089.918	0.86985558
1090.037	0.86088705
1090.156	0.75090498
1090.275	0.83995366
1090.394	0.52618933
1090.513	0.84285605
1090.631	0.70784152
1090.750	0.83687621
1090.869	0.86685097
1090.988	0.87054658
1091.107	0.86943287
1091.227	0.83531779
1091.346	0.86614609
1091.465	0.87098438
1091.584	0.87008971
1091.703	0.87105638
1091.822	0.84818214
1091.941	0.86761236
1092.061	0.84308660
1092.180	0.86812240
1092.299	0.86369312
1092.419	0.83946931
1092.538	0.49070668
1092.657	0.74602711
1092.777	0.50991857
1092.896	0.66103506
1093.016	0.83774436
1093.135	0.86247092
1093.255	0.86220020
1093.374	0.72992557
1093.494	0.86216182
1093.613	0.86561191
1093.733	0.85195869
1093.853	0.71821296
1093.972	0.86729443
1094.092	0.86415637
1094.212	0.84625059
1094.331	0.80637497
1094.451	0.82823849
1094.571	0.75072986
1094.691	0.67967904
1094.811	0.77195632
1094.931	0.50501227
1095.050	0.79702115
1095.170	0.85923463
1095.290	0.82075393
1095.410	0.82558107
1095.530	0.86513311
1095.650	0.85568309
1095.770	0.69660378
1095.890	0.56863534
1096.011	0.56394821
1096.131	0.80040455
1096.251	0.60306746
1096.371	0.81462866
1096.491	0.78731203
1096.611	0.84790993
1096.732	0.86477888
1096.852	0.86761743
1096.972	0.86779553
1097.093	0.86605990
1097.213	0.81681073
1097.333	0.86179358
1097.454	0.85986990
1097.574	0.64563471
1097.695	0.78383958
1097.815	0.72148633
1097.936	0.46826461
1098.056	0.66733229
1098.177	0.69092530
1098.298	0.85727787
1098.418	0.85697478
1098.539	0.68628955
1098.660	0.84219825
1098.780	0.73485368
1098.901	0.59454703
1099.022	0.75772500
1099.143	0.66558254
1099.264	0.85177326
1099.384	0.72842520
1099.505	0.68128520
1099.626	0.71375543
1099.747	0.36252141
1099.868	0.62143499
1099.989	0.58878613
1100.110	0.80934209
1100.231	0.70924187
1100.352	0.84579313
1100.473	0.74453700
1100.594	0.53540069
1100.716	0.72177982
1100.837	0.83966887
1100.958	0.56210947
1101.079	0.47685930
1101.200	0.70667344
1101.322	0.81325728
1101.443	0.85565627
1101.564	0.85066164
1101.686	0.69951713
1101.807	0.79221612
1101.928	0.45678821
1102.050	0.59140116
1102.171	0.50934744
1102.293	0.70405835
1102.414	0.73505658
1102.536	0.53635180
1102.657	0.49521607
1102.779	0.78231376
1102.901	0.80660951
1103.022	0.40749496
1103.144	0.75441271
1103.266	0.59228122
1103.387	0.77982354
1103.509	0.53759325
1103.631	0.80636513
1103.753	0.77303374
1103.875	0.84665751
1103.997	0.72797501
1104.118	0.66483611
1104.240	0.43147859
1104.362	0.52521211
1104.484	0.30841553
1104.606	0.78688359
1104.728	0.81268799
1104.850	0.53469878
1104.972	0.69662559
1105.094	0.81693494
1105.217	0.81088996
1105.339	0.70125192
1105.461	0.74946851
1105.583	0.34420004
1105.705	0.59426302
1105.828	0.67217380
1105.950	0.63519037
1106.072	0.50168711
1106.195	0.50236374
1106.317	0.32510948
1106.439	0.51527625
1106.562	0.59056586
1106.684	0.36153042
1106.807	0.71814030
1106.929	0.83627772
1107.052	0.84166032
1107.175	0.70820707
1107.297	0.80534142
1107.420	0.55911106
1107.542	0.77157778
1107.665	0.77511948
1107.788	0.53758991
1107.911	0.71807933
1108.033	0.25115398
1108.156	0.43701226
1108.279	0.35460892
1108.402	0.73187685
1108.525	0.33164012
1108.647	0.73328799
1108.770	0.26720017
1108.893	0.70823061
1109.016	0.78697842
1109.139	0.52137291
1109.262	0.62340027
1109.385	0.40072566
1109.509	0.59945148
1109.632	0.80344146
1109.755	0.55938131
1109.878	0.45610660
1110.001	0.71308988
1110.124	0.76645458
1110.248	0.62449533
1110.371	0.76367623
1110.494	0.55550700
1110.618	0.10925015
1110.741	0.58773017
1110.864	0.24745624
1110.988	0.62398547
1111.111	0.72784734
